BEHD @ YYE. Sim. done on 2023-10-27   16h57
### Sim. w/ κ =    0.500 ; and ∆_0 =  2.00; T =    2.98E+05
 ## r =  1.00E-06 ; rhosty =  1.05E+03 ; rhosol =  1.00E+03
 ## k =  2.00 ; ∆_eq =  2.00 ; num_particle =    1000
Time         sumz         <∆z^2>
        0.10805    3.13279E+03    4.47605E-04
        0.21610    1.19242E+04    1.70394E-03
        0.32415    2.56411E+04    3.66459E-03
        0.43220    4.34603E+04    6.21217E-03
        0.54024    6.45004E+04    9.22093E-03
        0.64829    8.78536E+04    1.25613E-02
        0.75634    1.12615E+05    1.61039E-02
        0.86439    1.37907E+05    1.97236E-02
        0.97244    1.62907E+05    2.33024E-02
        1.08049    1.86864E+05    2.67331E-02
        1.18854    2.09118E+05    2.99210E-02
        1.29659    2.29111E+05    3.27864E-02
        1.40464    2.46402E+05    3.52657E-02
        1.51269    2.60664E+05    3.73123E-02
        1.62073    2.71692E+05    3.88965E-02
        1.72878    2.79403E+05    4.00061E-02
        1.83683    2.83822E+05    4.06446E-02
        1.94488    2.85078E+05    4.08305E-02
        2.05293    2.83390E+05    4.05944E-02
        2.16098    2.79040E+05    3.99771E-02
        2.26903    2.72371E+05    3.90272E-02
        2.37708    2.63765E+05    3.77996E-02
        2.48513    2.53636E+05    3.63531E-02
        2.59318    2.42410E+05    3.47491E-02
        2.70122    2.30514E+05    3.30485E-02
        3.24147    1.74495E+05    2.50351E-02
        4.32196    1.57220E+05    2.25891E-02
        5.40245    2.06602E+05    2.97269E-02
        6.48294    2.02208E+05    2.91365E-02
        7.56343    1.81227E+05    2.61510E-02
        8.64392    1.87528E+05    2.70994E-02
        9.72441    1.94696E+05    2.81760E-02
       10.80490    1.89684E+05    2.74904E-02
       11.88539    1.86933E+05    2.71311E-02
       12.96588    1.89646E+05    2.75648E-02
       14.04637    1.90126E+05    2.76748E-02
       15.12686    1.88084E+05    2.74174E-02
       16.20735    1.87903E+05    2.74312E-02
       17.28784    1.88461E+05    2.75527E-02
       18.36833    1.87741E+05    2.74877E-02
       19.44882    1.87535E+05    2.74978E-02
       20.52931    1.87491E+05    2.75318E-02
       21.60980    1.86984E+05    2.74976E-02
       22.69029    1.86887E+05    2.75239E-02
       23.77078    1.86575E+05    2.75184E-02
       24.85127    1.85854E+05    2.74526E-02
       25.93176    1.85822E+05    2.74884E-02
       27.01225    1.86112E+05    2.75721E-02
       28.09274    1.85450E+05    2.75148E-02
       29.17323    1.84948E+05    2.74812E-02
       30.25372    1.84902E+05    2.75152E-02
       31.33421    1.84559E+05    2.75050E-02
       32.41470    1.84434E+05    2.75275E-02
       33.49519    1.84446E+05    2.75704E-02
       34.57568    1.83627E+05    2.74891E-02
       35.65617    1.83146E+05    2.74582E-02
       36.73666    1.83052E+05    2.74852E-02
       37.81715    1.83079E+05    2.75307E-02
       38.89763    1.82995E+05    2.75595E-02
       39.97812    1.82391E+05    2.75099E-02
       41.05861    1.81731E+05    2.74517E-02
       42.13910    1.81667E+05    2.74837E-02
       43.21959    1.81971E+05    2.75714E-02
       44.30008    1.81547E+05    2.75489E-02
       45.38057    1.80375E+05    2.74125E-02
       46.46106    1.80484E+05    2.74710E-02
       47.54155    1.81059E+05    2.76005E-02
       48.62204    1.80007E+05    2.74820E-02
       49.70253    1.79184E+05    2.73982E-02
       50.78302    1.79914E+05    2.75520E-02
       51.86351    1.79521E+05    2.75340E-02
       52.94400    1.78590E+05    2.74331E-02
       54.02449    1.78777E+05    2.75041E-02
       55.10498    1.78843E+05    2.75568E-02
       56.18547    1.78185E+05    2.74977E-02
       57.26596    1.77759E+05    2.74743E-02
       58.34645    1.77576E+05    2.74886E-02
       59.42694    1.77624E+05    2.75387E-02
       60.50743    1.77315E+05    2.75333E-02
       61.58792    1.76722E+05    2.74839E-02
       62.66841    1.76938E+05    2.75604E-02
       63.74890    1.76842E+05    2.75884E-02
       64.82939    1.75887E+05    2.74824E-02
       65.90988    1.75452E+05    2.74573E-02
       66.99037    1.75676E+05    2.75354E-02
       68.07086    1.75298E+05    2.75192E-02
       69.15135    1.74310E+05    2.74072E-02
       70.23184    1.74386E+05    2.74624E-02
       71.31233    1.74538E+05    2.75297E-02
       72.39282    1.74368E+05    2.75464E-02
       73.47331    1.74003E+05    2.75320E-02
       74.55380    1.73564E+05    2.75062E-02
       75.63429    1.73271E+05    2.75034E-02
       76.71478    1.72956E+05    2.74971E-02
       77.79527    1.72724E+05    2.75038E-02
       78.87576    1.72748E+05    2.75515E-02
       79.95625    1.72310E+05    2.75256E-02
       81.03674    1.71870E+05    2.74992E-02
       82.11723    1.71799E+05    2.75319E-02
       83.19772    1.71522E+05    2.75316E-02
       84.27821    1.71039E+05    2.74982E-02
       85.35870    1.70455E+05    2.74485E-02
       86.43919    1.70717E+05    2.75351E-02
       87.51968    1.71067E+05    2.76360E-02
       88.60017    1.70125E+05    2.75283E-02
       89.68066    1.69228E+05    2.74276E-02
       90.76115    1.69405E+05    2.75008E-02
       91.84164    1.69262E+05    2.75223E-02
       92.92213    1.69060E+05    2.75342E-02
       94.00262    1.68960E+05    2.75628E-02
       95.08311    1.68208E+05    2.74850E-02
       96.16360    1.67813E+05    2.74653E-02
       97.24409    1.68191E+05    2.75723E-02
       98.32458    1.67907E+05    2.75709E-02
       99.40507    1.67058E+05    2.74766E-02
      100.48556    1.66953E+05    2.75046E-02
      101.56605    1.67068E+05    2.75690E-02
      102.64654    1.66482E+05    2.75177E-02
      103.72703    1.65883E+05    2.74640E-02
      104.80752    1.65726E+05    2.74836E-02
      105.88801    1.65378E+05    2.74715E-02
      106.96850    1.65422E+05    2.75245E-02
      108.04899    1.65635E+05    2.76059E-02
      109.12948    1.64799E+05    2.75123E-02
      110.20997    1.63998E+05    2.74245E-02
      111.29046    1.64362E+05    2.75314E-02
      112.37095    1.63972E+05    2.75121E-02
      113.45144    1.63327E+05    2.74500E-02
      114.53192    1.63919E+05    2.75957E-02
      115.61241    1.63770E+05    2.76173E-02
      116.69290    1.62201E+05    2.73988E-02
      117.77339    1.62242E+05    2.74521E-02
      118.85388    1.63162E+05    2.76546E-02
      119.93437    1.62316E+05    2.75579E-02
      121.01486    1.61244E+05    2.74224E-02
      122.09535    1.61199E+05    2.74615E-02
      123.17584    1.61555E+05    2.75691E-02
      124.25633    1.61475E+05    2.76025E-02
      125.33682    1.60229E+05    2.74365E-02
      126.41731    1.59976E+05    2.74401E-02
      127.49780    1.60402E+05    2.75604E-02
      128.57829    1.60362E+05    2.76011E-02
      129.65878    1.59682E+05    2.75313E-02
      130.73927    1.59072E+05    2.74736E-02
      131.81976    1.59011E+05    2.75105E-02
      132.90025    1.59149E+05    2.75821E-02
      133.98074    1.58568E+05    2.75292E-02
      135.06123    1.58032E+05    2.74838E-02
      136.14172    1.58381E+05    2.75925E-02
      137.22221    1.58030E+05    2.75794E-02
      138.30270    1.57064E+05    2.74588E-02
      139.38319    1.57159E+05    2.75236E-02
      140.46368    1.57195E+05    2.75781E-02
      141.54417    1.56706E+05    2.75407E-02
      142.62466    1.56371E+05    2.75301E-02
      143.70515    1.55893E+05    2.74943E-02
      144.78564    1.55649E+05    2.74998E-02
      145.86613    1.55789E+05    2.75733E-02
      146.94662    1.55632E+05    2.75944E-02
      148.02711    1.55044E+05    2.75388E-02
      149.10760    1.54635E+05    2.75151E-02
      150.18809    1.54343E+05    2.75122E-02
      151.26858    1.54201E+05    2.75358E-02
      152.34907    1.53703E+05    2.74960E-02
      153.42956    1.53295E+05    2.74722E-02
      154.51005    1.53267E+05    2.75164E-02
      155.59054    1.52991E+05    2.75164E-02
      156.67103    1.52887E+05    2.75471E-02
      157.75152    1.52769E+05    2.75756E-02
      158.83201    1.52158E+05    2.75150E-02
      159.91250    1.51576E+05    2.74594E-02
      160.99299    1.51875E+05    2.75634E-02
      162.07348    1.51809E+05    2.76017E-02
      163.15397    1.50864E+05    2.74797E-02
      164.23446    1.50453E+05    2.74550E-02
      165.31495    1.50623E+05    2.75362E-02
      166.39544    1.50468E+05    2.75583E-02
      167.47593    1.49836E+05    2.74929E-02
      168.55642    1.49585E+05    2.74972E-02
      169.63691    1.49952E+05    2.76154E-02
      170.71740    1.49362E+05    2.75576E-02
      171.79789    1.48382E+05    2.74273E-02
      172.87838    1.49046E+05    2.76012E-02
      173.95887    1.48836E+05    2.76134E-02
      175.03936    1.47839E+05    2.74794E-02
      176.11985    1.47744E+05    2.75129E-02
      177.20034    1.47589E+05    2.75352E-02
      178.28083    1.47178E+05    2.75099E-02
      179.36132    1.46977E+05    2.75238E-02
      180.44181    1.46706E+05    2.75245E-02
      181.52230    1.46256E+05    2.74918E-02
      182.60279    1.46460E+05    2.75820E-02
      183.68328    1.46227E+05    2.75899E-02
      184.76377    1.45346E+05    2.74756E-02
      185.84426    1.45239E+05    2.75074E-02
      186.92475    1.45543E+05    2.76173E-02
      188.00524    1.44818E+05    2.75319E-02
      189.08573    1.44058E+05    2.74396E-02
      190.16622    1.44542E+05    2.75844E-02
      191.24670    1.44461E+05    2.76216E-02
      192.32719    1.43368E+05    2.74652E-02
      193.40768    1.43152E+05    2.74763E-02
      194.48817    1.43419E+05    2.75806E-02
      195.56866    1.43114E+05    2.75749E-02
      196.64915    1.42644E+05    2.75374E-02
      197.72964    1.42427E+05    2.75487E-02
      198.81013    1.42094E+05    2.75376E-02
      199.89062    1.41639E+05    2.75027E-02
      200.97111    1.41809E+05    2.75892E-02
      202.05160    1.41888E+05    2.76584E-02
      203.13209    1.41049E+05    2.75486E-02
      204.21258    1.40454E+05    2.74861E-02
      205.29307    1.40858E+05    2.76193E-02
      206.37356    1.40639E+05    2.76305E-02
      207.45405    1.39807E+05    2.75210E-02
      208.53454    1.39663E+05    2.75469E-02
      209.61503    1.39936E+05    2.76553E-02
      210.69552    1.39211E+05    2.75665E-02
      211.77601    1.38588E+05    2.74977E-02
      212.85650    1.38640E+05    2.75625E-02
      213.93699    1.38861E+05    2.76615E-02
      215.01748    1.38624E+05    2.76695E-02
      216.09797    1.37547E+05    2.75094E-02
      217.17846    1.37320E+05    2.75190E-02
      218.25895    1.37756E+05    2.76618E-02
      219.33944    1.37484E+05    2.76628E-02
      220.41993    1.36466E+05    2.75134E-02
      221.50042    1.36502E+05    2.75761E-02
      222.58091    1.36438E+05    2.76191E-02
      223.66140    1.35911E+05    2.75681E-02
      224.74189    1.35805E+05    2.76027E-02
      225.82238    1.35589E+05    2.76148E-02
      226.90287    1.34913E+05    2.75332E-02
      227.98336    1.34832E+05    2.75730E-02
      229.06385    1.34753E+05    2.76133E-02
      230.14434    1.34331E+05    2.75834E-02
      231.22483    1.34004E+05    2.75729E-02
      232.30532    1.33762E+05    2.75798E-02
      233.38581    1.33496E+05    2.75819E-02
      234.46630    1.33481E+05    2.76357E-02
      235.54679    1.33180E+05    2.76306E-02
      236.62728    1.32489E+05    2.75446E-02
      237.70777    1.32112E+05    2.75234E-02
      238.78826    1.32515E+05    2.76649E-02
      239.86875    1.32145E+05    2.76453E-02
      240.94924    1.31247E+05    2.75150E-02
      242.02973    1.31231E+05    2.75696E-02
      243.11022    1.31304E+05    2.76429E-02
      244.19071    1.30936E+05    2.76235E-02
      245.27120    1.30418E+05    2.75724E-02
      246.35169    1.30160E+05    2.75762E-02
      247.43218    1.29972E+05    2.75949E-02
      248.51267    1.29687E+05    2.75929E-02
      249.59316    1.29535E+05    2.76195E-02
      250.67365    1.29234E+05    2.76142E-02
      251.75414    1.28713E+05    2.75616E-02
      252.83463    1.28216E+05    2.75143E-02
      253.91512    1.28725E+05    2.76829E-02
      254.99561    1.28696E+05    2.77363E-02
      256.07610    1.27359E+05    2.75074E-02
      257.15659    1.27161E+05    2.75241E-02
      258.23708    1.27414E+05    2.76387E-02
      259.31757    1.26840E+05    2.75739E-02
      260.39806    1.26571E+05    2.75754E-02
      261.47855    1.26571E+05    2.76356E-02
      262.55904    1.26086E+05    2.75898E-02
      263.63953    1.25657E+05    2.75565E-02
      264.72002    1.25578E+05    2.75996E-02
      265.80051    1.25595E+05    2.76642E-02
      266.88099    1.25099E+05    2.76157E-02
      267.96148    1.24586E+05    2.75633E-02
      269.04197    1.24376E+05    2.75779E-02
      270.12246    1.24351E+05    2.76336E-02
      271.20295    1.24287E+05    2.76808E-02
      272.28344    1.23706E+05    2.76130E-02
      273.36393    1.23235E+05    2.75692E-02
      274.44442    1.23064E+05    2.75929E-02
      275.52491    1.23065E+05    2.76551E-02
      276.60540    1.22642E+05    2.76221E-02
      277.68589    1.22101E+05    2.75622E-02
      278.76638    1.22047E+05    2.76124E-02
      279.84687    1.21872E+05    2.76353E-02
      280.92736    1.21354E+05    2.75804E-02
      282.00785    1.21247E+05    2.76189E-02
      283.08834    1.21199E+05    2.76711E-02
      284.16883    1.20657E+05    2.76103E-02
      285.24932    1.20427E+05    2.76209E-02
      286.32981    1.20009E+05    2.75882E-02
      287.41030    1.19942E+05    2.76364E-02
      288.49079    1.19956E+05    2.77034E-02
      289.57128    1.19496E+05    2.76611E-02
      290.65177    1.19056E+05    2.76231E-02
      291.73226    1.18784E+05    2.76241E-02
      292.81275    1.18448E+05    2.76103E-02
      293.89324    1.18130E+05    2.76004E-02
      294.97373    1.18022E+05    2.76398E-02
      296.05422    1.17959E+05    2.76900E-02
      297.13471    1.17672E+05    2.76876E-02
      298.21520    1.17114E+05    2.76213E-02
      299.29569    1.16736E+05    2.75972E-02
      300.37618    1.16700E+05    2.76541E-02
      301.45667    1.16495E+05    2.76710E-02
      302.53716    1.16079E+05    2.76380E-02
      303.61765    1.15807E+05    2.76389E-02
      304.69814    1.15683E+05    2.76754E-02
      305.77863    1.15472E+05    2.76911E-02
      306.85912    1.15101E+05    2.76686E-02
      307.93961    1.14613E+05    2.76175E-02
      309.02010    1.14527E+05    2.76636E-02
      310.10059    1.14289E+05    2.76728E-02
      311.18108    1.13989E+05    2.76672E-02
      312.26157    1.13913E+05    2.77160E-02
      313.34206    1.13593E+05    2.77057E-02
      314.42255    1.13201E+05    2.76776E-02
      315.50304    1.12798E+05    2.76467E-02
      316.58353    1.12548E+05    2.76531E-02
      317.66402    1.12467E+05    2.77011E-02
      318.74451    1.12193E+05    2.77020E-02
      319.82500    1.11568E+05    2.76159E-02
      320.90549    1.11369E+05    2.76349E-02
      321.98598    1.11659E+05    2.77759E-02
      323.06647    1.11063E+05    2.76965E-02
      324.14696    1.10227E+05    2.75569E-02
      325.22745    1.10346E+05    2.76556E-02
      326.30794    1.10445E+05    2.77500E-02
      327.38843    1.09817E+05    2.76617E-02
      328.46892    1.09298E+05    2.76006E-02
      329.54941    1.09315E+05    2.76748E-02
      330.62990    1.09235E+05    2.77247E-02
      331.71039    1.08694E+05    2.76576E-02
      332.79088    1.08261E+05    2.76176E-02
      333.87137    1.08324E+05    2.77044E-02
      334.95186    1.08259E+05    2.77586E-02
      336.03235    1.07618E+05    2.76653E-02
      337.11284    1.07321E+05    2.76601E-02
      338.19333    1.07181E+05    2.76953E-02
      339.27382    1.06744E+05    2.76539E-02
      340.35431    1.06817E+05    2.77448E-02
      341.43480    1.06845E+05    2.78242E-02
      342.51528    1.05834E+05    2.76328E-02
      343.59577    1.05349E+05    2.75783E-02
      344.67626    1.06017E+05    2.78261E-02
      345.75675    1.05851E+05    2.78554E-02
      346.83724    1.04960E+05    2.76940E-02
      347.91773    1.04606E+05    2.76736E-02
      348.99822    1.04388E+05    2.76891E-02
      350.07871    1.04074E+05    2.76793E-02
      351.15920    1.03932E+05    2.77153E-02
      352.23969    1.03788E+05    2.77509E-02
      353.32018    1.03318E+05    2.76992E-02
      354.40067    1.03069E+05    2.77068E-02
      355.48116    1.03070E+05    2.77817E-02
      356.56165    1.02707E+05    2.77586E-02
      357.64214    1.02237E+05    2.77066E-02
      358.72263    1.02035E+05    2.77269E-02
      359.80312    1.01681E+05    2.77061E-02
      360.88361    1.01582E+05    2.77546E-02
      361.96410    1.01393E+05    2.77788E-02
      363.04459    1.00624E+05    2.76438E-02
      364.12508    1.00694E+05    2.77395E-02
      365.20557    1.00626E+05    2.77972E-02
      366.28606    9.98873E+04    2.76696E-02
      367.36655    9.98416E+04    2.77338E-02
      368.44704    9.96783E+04    2.77655E-02
      369.52753    9.91176E+04    2.76865E-02
      370.60802    9.91283E+04    2.77670E-02
      371.68851    9.89158E+04    2.77853E-02
      372.76900    9.83870E+04    2.77146E-02
      373.84949    9.80244E+04    2.76905E-02
      374.92998    9.79760E+04    2.77552E-02
      376.01047    9.75568E+04    2.77150E-02
      377.09096    9.72827E+04    2.77159E-02
      378.17145    9.71233E+04    2.77495E-02
      379.25194    9.69398E+04    2.77765E-02
      380.33243    9.66806E+04    2.77818E-02
      381.41292    9.61962E+04    2.77223E-02
      382.49341    9.60137E+04    2.77496E-02
      383.57390    9.59292E+04    2.78056E-02
      384.65439    9.54635E+04    2.77510E-02
      385.73488    9.50760E+04    2.77189E-02
      386.81537    9.50849E+04    2.78026E-02
      387.89586    9.46703E+04    2.77625E-02
      388.97635    9.41302E+04    2.76853E-02
      390.05684    9.40100E+04    2.77316E-02
      391.13733    9.40859E+04    2.78361E-02
      392.21782    9.36268E+04    2.77824E-02
      393.29831    9.30987E+04    2.77079E-02
      394.37880    9.30166E+04    2.77661E-02
      395.45929    9.27675E+04    2.77747E-02
      396.53978    9.24170E+04    2.77528E-02
      397.62027    9.22128E+04    2.77749E-02
      398.70076    9.18416E+04    2.77467E-02
      399.78125    9.14186E+04    2.77026E-02
      400.86174    9.15455E+04    2.78254E-02
      401.94223    9.11721E+04    2.77964E-02
      403.02272    9.04739E+04    2.76679E-02
      404.10321    9.05437E+04    2.77741E-02
      405.18370    9.06051E+04    2.78785E-02
      406.26419    8.99133E+04    2.77510E-02
      407.34468    8.94878E+04    2.77052E-02
      408.42517    8.97488E+04    2.78723E-02
      409.50566    8.94949E+04    2.78800E-02
      410.58615    8.87500E+04    2.77344E-02
      411.66664    8.83395E+04    2.76926E-02
      412.74713    8.83995E+04    2.77986E-02
      413.82762    8.84875E+04    2.79141E-02
      414.90811    8.79122E+04    2.78203E-02
      415.98860    8.73681E+04    2.77359E-02
      417.06909    8.73402E+04    2.78153E-02
      418.14958    8.71691E+04    2.78495E-02
      419.23006    8.67597E+04    2.78076E-02
      420.31055    8.65784E+04    2.78387E-02
      421.39104    8.64523E+04    2.78878E-02
      422.47153    8.60146E+04    2.78364E-02
      423.55202    8.57102E+04    2.78280E-02
      424.63251    8.56352E+04    2.78942E-02
      425.71300    8.51744E+04    2.78348E-02
      426.79349    8.48312E+04    2.78135E-02
      427.87398    8.47034E+04    2.78630E-02
      428.95447    8.43647E+04    2.78431E-02
      430.03496    8.40721E+04    2.78384E-02
      431.11545    8.37955E+04    2.78390E-02
      432.19594    8.34221E+04    2.78074E-02
      433.27643    8.34191E+04    2.78994E-02
      434.35692    8.30107E+04    2.78559E-02
      435.43741    8.26536E+04    2.78295E-02
      436.51790    8.24565E+04    2.78569E-02
      437.59839    8.22361E+04    2.78766E-02
      438.67888    8.18070E+04    2.78255E-02
      439.75937    8.13934E+04    2.77793E-02
      440.83986    8.14541E+04    2.78952E-02
      441.92035    8.12666E+04    2.79267E-02
      443.00084    8.05965E+04    2.77919E-02
      444.08133    8.04594E+04    2.78406E-02
      445.16182    8.04616E+04    2.79380E-02
      446.24231    8.01155E+04    2.79148E-02
      447.32280    7.94087E+04    2.77653E-02
      448.40329    7.94099E+04    2.78631E-02
      449.48378    7.94553E+04    2.79772E-02
      450.56427    7.87819E+04    2.78381E-02
      451.64476    7.85225E+04    2.78449E-02
      452.72525    7.83871E+04    2.78958E-02
      453.80574    7.80068E+04    2.78596E-02
      454.88623    7.81097E+04    2.79963E-02
      455.96672    7.76699E+04    2.79388E-02
      457.04721    7.68189E+04    2.77325E-02
      458.12770    7.70454E+04    2.79150E-02
      459.20819    7.71818E+04    2.80661E-02
      460.28868    7.62739E+04    2.78372E-02
      461.36917    7.60143E+04    2.78441E-02
      462.44966    7.61469E+04    2.79952E-02
      463.53015    7.56511E+04    2.79155E-02
      464.61064    7.53008E+04    2.78892E-02
      465.69113    7.51887E+04    2.79512E-02
      466.77162    7.47668E+04    2.78981E-02
      467.85211    7.43865E+04    2.78601E-02
      468.93260    7.44538E+04    2.79902E-02
      470.01309    7.41532E+04    2.79823E-02
      471.09358    7.36543E+04    2.78994E-02
      472.17407    7.34450E+04    2.79259E-02
      473.25456    7.32365E+04    2.79528E-02
      474.33505    7.29917E+04    2.79662E-02
      475.41554    7.23529E+04    2.78280E-02
      476.49603    7.20790E+04    2.78297E-02
      477.57652    7.22761E+04    2.80140E-02
      478.65701    7.21519E+04    2.80747E-02
      479.73750    7.15511E+04    2.79496E-02
      480.81799    7.12440E+04    2.79388E-02
      481.89848    7.11632E+04    2.80170E-02
      482.97897    7.07411E+04    2.79609E-02
      484.05946    7.05162E+04    2.79826E-02
      485.13995    7.06422E+04    2.81443E-02
      486.22044    6.99404E+04    2.79762E-02
      487.30093    6.94089E+04    2.78750E-02
      488.38142    6.95306E+04    2.80366E-02
      489.46191    6.92997E+04    2.80566E-02
      490.54240    6.88458E+04    2.79861E-02
      491.62289    6.86553E+04    2.80226E-02
      492.70338    6.85680E+04    2.81016E-02
      493.78387    6.80431E+04    2.80013E-02
      494.86435    6.77844E+04    2.80101E-02
      495.94484    6.77793E+04    2.81242E-02
      497.02533    6.72568E+04    2.80237E-02
      498.10582    6.67994E+04    2.79495E-02
      499.18631    6.67572E+04    2.80493E-02
      500.26680    6.64930E+04    2.80561E-02
      501.34729    6.59851E+04    2.79598E-02
      502.42778    6.57804E+04    2.79916E-02
      503.50827    6.58295E+04    2.81323E-02
      504.58876    6.55312E+04    2.81250E-02
      505.66925    6.49685E+04    2.80037E-02
      506.74974    6.48294E+04    2.80647E-02
      507.83023    6.47094E+04    2.81345E-02
      508.91072    6.42720E+04    2.80664E-02
      509.99121    6.37045E+04    2.79406E-02
      511.07170    6.36367E+04    2.80338E-02
      512.15219    6.36479E+04    2.81628E-02
      513.23268    6.30426E+04    2.80189E-02
      514.31317    6.26768E+04    2.79807E-02
      515.39366    6.26808E+04    2.81080E-02
      516.47415    6.24729E+04    2.81409E-02
      517.55464    6.20765E+04    2.80889E-02
      518.63513    6.17586E+04    2.80721E-02
      519.71562    6.16369E+04    2.81447E-02
      520.79611    6.11821E+04    2.80652E-02
      521.87660    6.07289E+04    2.79857E-02
      522.95709    6.07543E+04    2.81270E-02
      524.03758    6.06905E+04    2.82281E-02
      525.11807    6.00306E+04    2.80517E-02
      526.19856    5.97820E+04    2.80666E-02
      527.27905    5.97986E+04    2.82069E-02
      528.35954    5.92294E+04    2.80708E-02
      529.44003    5.90244E+04    2.81068E-02
      530.52052    5.89717E+04    2.82161E-02
      531.60101    5.84857E+04    2.81181E-02
      532.68150    5.81682E+04    2.81006E-02
      533.76199    5.79937E+04    2.81523E-02
      534.84248    5.75244E+04    2.80607E-02
      535.92297    5.72342E+04    2.80560E-02
      537.00346    5.71542E+04    2.81548E-02
      538.08395    5.69281E+04    2.81822E-02
      539.16444    5.66593E+04    2.81887E-02
      540.24493    5.63347E+04    2.81674E-02
      541.32542    5.60162E+04    2.81488E-02
      542.40591    5.56681E+04    2.81152E-02
      543.48640    5.55439E+04    2.81949E-02
      544.56689    5.53168E+04    2.82229E-02
      545.64738    5.48601E+04    2.81334E-02
      546.72787    5.45986E+04    2.81436E-02
      547.80836    5.45654E+04    2.82722E-02
      548.88885    5.41695E+04    2.82133E-02
      549.96934    5.36457E+04    2.80868E-02
      551.04983    5.35690E+04    2.81942E-02
      552.13032    5.34848E+04    2.82988E-02
      553.21081    5.30644E+04    2.82258E-02
      554.29130    5.26929E+04    2.81780E-02
      555.37179    5.25402E+04    2.82474E-02
      556.45228    5.22484E+04    2.82424E-02
      557.53277    5.20797E+04    2.83042E-02
      558.61326    5.19189E+04    2.83710E-02
      559.69375    5.13413E+04    2.82095E-02
      560.77424    5.10908E+04    2.82269E-02
      561.85473    5.10731E+04    2.83739E-02
      562.93522    5.06725E+04    2.83086E-02
      564.01571    5.03826E+04    2.83048E-02
      565.09620    5.03316E+04    2.84359E-02
      566.17669    4.99198E+04    2.83635E-02
      567.25718    4.94089E+04    2.82337E-02
      568.33767    4.93901E+04    2.83851E-02
      569.41816    4.94086E+04    2.85599E-02
      570.49865    4.87847E+04    2.83632E-02
      571.57913    4.82487E+04    2.82156E-02
      572.65962    4.83626E+04    2.84486E-02
      573.74011    4.82343E+04    2.85410E-02
      574.82060    4.76148E+04    2.83422E-02
      575.90109    4.72693E+04    2.83050E-02
      576.98158    4.72738E+04    2.84782E-02
      578.06207    4.71043E+04    2.85481E-02
      579.14256    4.63589E+04    2.82676E-02
      580.22305    4.61374E+04    2.83051E-02
      581.30354    4.63010E+04    2.85809E-02
      582.38403    4.58059E+04    2.84509E-02
      583.46452    4.54574E+04    2.84109E-02
      584.54501    4.53412E+04    2.85165E-02
      585.62550    4.50595E+04    2.85187E-02
      586.70599    4.47694E+04    2.85155E-02
      587.78648    4.44538E+04    2.84960E-02
      588.86697    4.41881E+04    2.85084E-02
      589.94746    4.38652E+04    2.84839E-02
      591.02795    4.35885E+04    2.84892E-02
      592.10844    4.34843E+04    2.86081E-02
      593.18893    4.31166E+04    2.85540E-02
      594.26942    4.27502E+04    2.85002E-02
