BEHD @ YYE. Sim. done on 2023-10-28   12h45
### Sim. w/ κ =    0.000 ; and ∆_0 =  2.00; T =    2.98E+05
 ## r =  1.00E-06 ; rhosty =  1.05E+03 ; rhosol =  1.00E+03
 ## k =  2.00 ; ∆_eq =  2.00 ; num_particle =      10
  Time        mass            Force z            Noise z            Noise x            Noise Θ
    0.10805        3.298672E-09       -1.000000E+00        7.276904E-02        0.000000E+00       -0.000000E+00
    0.21610        3.298672E-09       -9.923761E-01       -7.733226E-02        0.000000E+00        0.000000E+00
    0.32415        3.298672E-09       -9.451617E-01        1.771280E-02       -0.000000E+00        0.000000E+00
    0.43220        3.298672E-09       -8.815477E-01        1.673586E-02       -0.000000E+00        0.000000E+00
    0.54024        3.298672E-09       -8.035091E-01        2.151715E-03       -0.000000E+00        0.000000E+00
    0.64829        3.298672E-09       -7.103893E-01       -5.566706E-02       -0.000000E+00       -0.000000E+00
    0.75634        3.298672E-09       -5.926348E-01       -4.817862E-02        0.000000E+00        0.000000E+00
    0.86439        3.298672E-09       -4.559162E-01        5.632115E-02        0.000000E+00        0.000000E+00
    0.97244        3.298672E-09       -3.272267E-01        5.981627E-02        0.000000E+00        0.000000E+00
    1.08049        3.298672E-09       -2.103031E-01       -1.827983E-02        0.000000E+00        0.000000E+00
    1.18854        3.298672E-09       -9.073111E-02       -2.864658E-02        0.000000E+00        0.000000E+00
    1.29659        3.298672E-09        3.042469E-02       -3.087048E-03       -0.000000E+00        0.000000E+00
    1.40464        3.298672E-09        1.443017E-01       -5.381625E-02       -0.000000E+00       -0.000000E+00
    1.51269        3.298672E-09        2.592273E-01       -2.558806E-02        0.000000E+00       -0.000000E+00
    1.62073        3.298672E-09        3.658892E-01       -8.985882E-02       -0.000000E+00       -0.000000E+00
    1.72878        3.298672E-09        4.758014E-01        4.113188E-02       -0.000000E+00       -0.000000E+00
    1.83683        3.298672E-09        5.573398E-01        8.284427E-02        0.000000E+00        0.000000E+00
    1.94488        3.298672E-09        6.014349E-01        1.166103E-02        0.000000E+00       -0.000000E+00
    2.05293        3.298672E-09        6.253395E-01        3.215333E-02        0.000000E+00        0.000000E+00
    2.16098        3.298672E-09        6.256982E-01       -4.932898E-02       -0.000000E+00        0.000000E+00
    2.26903        3.298672E-09        6.220774E-01        3.120300E-02       -0.000000E+00       -0.000000E+00
    2.37708        3.298672E-09        5.974904E-01       -7.176535E-02        0.000000E+00       -0.000000E+00
    2.48513        3.298672E-09        5.764786E-01        1.239298E-02       -0.000000E+00        0.000000E+00
    2.59318        3.298672E-09        5.410304E-01        1.127034E-01        0.000000E+00        0.000000E+00
    2.70122        3.298672E-09        4.714042E-01       -6.202581E-02       -0.000000E+00       -0.000000E+00
    2.80927        3.298672E-09        4.094667E-01        3.533869E-02       -0.000000E+00       -0.000000E+00
    2.91732        3.298672E-09        3.348717E-01        3.530396E-02        0.000000E+00        0.000000E+00
    3.02537        3.298672E-09        2.500682E-01       -1.053867E-03        0.000000E+00       -0.000000E+00
    3.13342        3.298672E-09        1.653367E-01        4.588463E-02       -0.000000E+00       -0.000000E+00
    3.24147        3.298672E-09        7.225501E-02        4.052049E-02        0.000000E+00        0.000000E+00
    3.34952        3.298672E-09       -2.559176E-02       -6.091177E-02       -0.000000E+00       -0.000000E+00
    3.45757        3.298672E-09       -1.039961E-01       -5.511334E-02        0.000000E+00       -0.000000E+00
    3.56562        3.298672E-09       -1.636809E-01       -1.583256E-03       -0.000000E+00        0.000000E+00
    3.67367        3.298672E-09       -2.159602E-01       -2.198531E-02       -0.000000E+00       -0.000000E+00
    3.78171        3.298672E-09       -2.556758E-01       -7.541687E-02        0.000000E+00       -0.000000E+00
    3.88976        3.298672E-09       -2.710579E-01       -1.016433E-02        0.000000E+00        0.000000E+00
    3.99781        3.298672E-09       -2.771200E-01        5.405568E-02       -0.000000E+00       -0.000000E+00
    4.10586        3.298672E-09       -2.880806E-01       -4.164741E-02       -0.000000E+00        0.000000E+00
    4.21391        3.298672E-09       -2.827530E-01        3.326935E-02       -0.000000E+00        0.000000E+00
    4.32196        3.298672E-09       -2.782866E-01       -5.371266E-02        0.000000E+00        0.000000E+00
    4.43001        3.298672E-09       -2.559451E-01        5.430602E-02        0.000000E+00       -0.000000E+00
    4.53806        3.298672E-09       -2.405252E-01        1.966029E-02        0.000000E+00        0.000000E+00
    4.64611        3.298672E-09       -2.245455E-01        4.218384E-03        0.000000E+00        0.000000E+00
    4.75416        3.298672E-09       -2.050779E-01        1.001242E-01       -0.000000E+00       -0.000000E+00
    4.86220        3.298672E-09       -2.034954E-01       -1.559627E-02       -0.000000E+00        0.000000E+00
    4.97025        3.298672E-09       -1.938754E-01       -2.887741E-02        0.000000E+00        0.000000E+00
    5.07830        3.298672E-09       -1.740034E-01        5.072535E-02       -0.000000E+00        0.000000E+00
    5.18635        3.298672E-09       -1.621041E-01       -7.372488E-02        0.000000E+00        0.000000E+00
    5.29440        3.298672E-09       -1.311348E-01        2.281039E-02       -0.000000E+00        0.000000E+00
    5.40245        3.298672E-09       -1.037411E-01        5.446240E-02       -0.000000E+00       -0.000000E+00
    5.51050        3.298672E-09       -8.722534E-02       -2.539572E-02        0.000000E+00        0.000000E+00
    5.61855        3.298672E-09       -6.411551E-02       -8.246599E-02        0.000000E+00        0.000000E+00
    5.72660        3.298672E-09       -2.300465E-02       -4.123799E-02        0.000000E+00        0.000000E+00
    5.83465        3.298672E-09        2.516443E-02        9.963764E-02       -0.000000E+00       -0.000000E+00
    5.94269        3.298672E-09        4.834538E-02       -2.000555E-02       -0.000000E+00       -0.000000E+00
    6.05074        3.298672E-09        7.332367E-02        8.720434E-02        0.000000E+00       -0.000000E+00
    6.15879        3.298672E-09        7.622059E-02       -1.106479E-03       -0.000000E+00        0.000000E+00
    6.26684        3.298672E-09        7.739984E-02        8.091998E-04       -0.000000E+00       -0.000000E+00
    6.37489        3.298672E-09        7.652488E-02       -3.548879E-02        0.000000E+00        0.000000E+00
    6.48294        3.298672E-09        8.158567E-02        9.196851E-04        0.000000E+00       -0.000000E+00
    6.59099        3.298672E-09        8.423255E-02       -3.430494E-02        0.000000E+00        0.000000E+00
    6.69904        3.298672E-09        9.216342E-02        7.487869E-02       -0.000000E+00        0.000000E+00
    6.80709        3.298672E-09        8.127243E-02       -6.643244E-02       -0.000000E+00        0.000000E+00
    6.91514        3.298672E-09        8.350719E-02        6.660267E-02        0.000000E+00        0.000000E+00
    7.02318        3.298672E-09        6.926231E-02        4.318567E-02        0.000000E+00        0.000000E+00
    7.13123        3.298672E-09        4.493555E-02       -3.333414E-02       -0.000000E+00        0.000000E+00
    7.23928        3.298672E-09        2.822655E-02        8.650342E-02        0.000000E+00       -0.000000E+00
    7.34733        3.298672E-09       -6.837963E-03       -5.636107E-02       -0.000000E+00        0.000000E+00
    7.45538        3.298672E-09       -2.750804E-02        5.488155E-02        0.000000E+00       -0.000000E+00
    7.56343        3.298672E-09       -5.819644E-02        6.522660E-03        0.000000E+00       -0.000000E+00
    7.67148        3.298672E-09       -8.718190E-02       -1.630243E-02        0.000000E+00        0.000000E+00
    7.77953        3.298672E-09       -1.089757E-01        9.138156E-02       -0.000000E+00       -0.000000E+00
    7.88758        3.298672E-09       -1.467575E-01        6.355415E-03        0.000000E+00       -0.000000E+00
    7.99562        3.298672E-09       -1.804175E-01        5.511956E-02       -0.000000E+00       -0.000000E+00
    8.10367        3.298672E-09       -2.199624E-01       -2.699396E-02        0.000000E+00       -0.000000E+00
    8.21172        3.298672E-09       -2.464465E-01       -4.537395E-02        0.000000E+00        0.000000E+00
    8.31977        3.298672E-09       -2.559873E-01        2.257419E-02       -0.000000E+00       -0.000000E+00
    8.42782        3.298672E-09       -2.639330E-01       -9.227612E-03       -0.000000E+00        0.000000E+00
    8.53587        3.298672E-09       -2.633102E-01       -5.118998E-03       -0.000000E+00        0.000000E+00
    0.10805        3.298672E-09       -1.000000E+00        7.071034E-02        0.000000E+00        0.000000E+00
    0.21610        3.298672E-09       -9.919312E-01        1.224753E-02        0.000000E+00       -0.000000E+00
    0.32415        3.298672E-09       -9.636575E-01        8.224159E-03        0.000000E+00        0.000000E+00
    0.43220        3.298672E-09       -9.157553E-01        9.527177E-04        0.000000E+00       -0.000000E+00
    0.54024        3.298672E-09       -8.485662E-01       -7.456432E-02       -0.000000E+00        0.000000E+00
    0.64829        3.298672E-09       -7.481703E-01       -6.183512E-02       -0.000000E+00        0.000000E+00
    0.75634        3.298672E-09       -6.211709E-01       -2.314824E-02        0.000000E+00       -0.000000E+00
    0.86439        3.298672E-09       -4.802979E-01       -2.181830E-03        0.000000E+00        0.000000E+00
    0.97244        3.298672E-09       -3.343696E-01       -9.909220E-02        0.000000E+00       -0.000000E+00
    1.08049        3.298672E-09       -1.665451E-01       -6.070801E-02       -0.000000E+00       -0.000000E+00
    1.18854        3.298672E-09        9.184896E-03        1.032787E-02        0.000000E+00       -0.000000E+00
    1.29659        3.298672E-09        1.720855E-01        1.174974E-02       -0.000000E+00        0.000000E+00
    1.40464        3.298672E-09        3.179603E-01        4.868972E-02       -0.000000E+00       -0.000000E+00
    1.51269        3.298672E-09        4.357397E-01       -7.100277E-02       -0.000000E+00        0.000000E+00
    1.62073        3.298672E-09        5.499227E-01        1.726257E-02        0.000000E+00        0.000000E+00
    1.72878        3.298672E-09        6.384359E-01       -9.833654E-02        0.000000E+00        0.000000E+00
    1.83683        3.298672E-09        7.258388E-01        1.280052E-02        0.000000E+00       -0.000000E+00
    1.94488        3.298672E-09        7.857392E-01       -5.892459E-02       -0.000000E+00        0.000000E+00
    2.05293        3.298672E-09        8.344708E-01       -1.080809E-01       -0.000000E+00        0.000000E+00
    2.16098        3.298672E-09        8.824010E-01        6.973712E-02        0.000000E+00        0.000000E+00
    2.26903        3.298672E-09        8.899043E-01       -7.520132E-03       -0.000000E+00        0.000000E+00
    2.37708        3.298672E-09        8.775061E-01       -4.538455E-03        0.000000E+00        0.000000E+00
    2.48513        3.298672E-09        8.468249E-01       -3.719832E-02        0.000000E+00       -0.000000E+00
    2.59318        3.298672E-09        8.073772E-01       -5.005820E-02        0.000000E+00       -0.000000E+00
    2.70122        3.298672E-09        7.636086E-01       -1.688259E-01       -0.000000E+00        0.000000E+00
    2.80927        3.298672E-09        7.424928E-01       -7.993161E-02       -0.000000E+00        0.000000E+00
    2.91732        3.298672E-09        7.232160E-01       -1.181675E-01       -0.000000E+00        0.000000E+00
    3.02537        3.298672E-09        7.143032E-01        7.990113E-02        0.000000E+00        0.000000E+00
    3.13342        3.298672E-09        6.722339E-01        2.090906E-02        0.000000E+00       -0.000000E+00
    3.24147        3.298672E-09        6.135701E-01        5.971829E-02        0.000000E+00       -0.000000E+00
    3.34952        3.298672E-09        5.325381E-01        2.717009E-02        0.000000E+00       -0.000000E+00
    3.45757        3.298672E-09        4.395896E-01        3.744490E-02       -0.000000E+00        0.000000E+00
    3.56562        3.298672E-09        3.352186E-01       -2.147140E-02       -0.000000E+00       -0.000000E+00
    3.67367        3.298672E-09        2.349930E-01       -6.974744E-02       -0.000000E+00       -0.000000E+00
    3.78171        3.298672E-09        1.510147E-01       -3.654206E-02       -0.000000E+00       -0.000000E+00
    3.88976        3.298672E-09        7.674396E-02        3.410795E-02        0.000000E+00        0.000000E+00
    3.99781        3.298672E-09       -2.147981E-03       -7.165627E-03        0.000000E+00       -0.000000E+00
    4.10586        3.298672E-09       -7.480628E-02       -3.897413E-02       -0.000000E+00       -0.000000E+00
    4.21391        3.298672E-09       -1.331773E-01       -9.400693E-02        0.000000E+00       -0.000000E+00
    4.32196        3.298672E-09       -1.649076E-01        3.234648E-02        0.000000E+00       -0.000000E+00
    4.43001        3.298672E-09       -1.980551E-01       -3.525494E-02        0.000000E+00        0.000000E+00
    4.53806        3.298672E-09       -2.171884E-01        8.609461E-02       -0.000000E+00        0.000000E+00
    4.64611        3.298672E-09       -2.488422E-01        2.103470E-03        0.000000E+00        0.000000E+00
    4.75416        3.298672E-09       -2.734882E-01        5.860878E-02       -0.000000E+00        0.000000E+00
    4.86220        3.298672E-09       -3.031421E-01       -2.174560E-02       -0.000000E+00       -0.000000E+00
    4.97025        3.298672E-09       -3.195090E-01       -1.723193E-02        0.000000E+00       -0.000000E+00
    5.07830        3.298672E-09       -3.238649E-01       -4.238710E-02       -0.000000E+00        0.000000E+00
    5.18635        3.298672E-09       -3.112794E-01       -1.483158E-02        0.000000E+00       -0.000000E+00
    5.29440        3.298672E-09       -2.888590E-01       -8.856067E-02        0.000000E+00       -0.000000E+00
    5.40245        3.298672E-09       -2.417050E-01       -1.497534E-02       -0.000000E+00        0.000000E+00
    5.51050        3.298672E-09       -1.881402E-01        1.691275E-03       -0.000000E+00       -0.000000E+00
    5.61855        3.298672E-09       -1.334237E-01        3.274731E-02       -0.000000E+00       -0.000000E+00
    5.72660        3.298672E-09       -8.568328E-02       -1.072856E-02        0.000000E+00       -0.000000E+00
    5.83465        3.298672E-09       -3.631548E-02        1.481083E-02        0.000000E+00        0.000000E+00
    5.94269        3.298672E-09        7.848057E-03       -1.578819E-03       -0.000000E+00        0.000000E+00
    6.05074        3.298672E-09        4.956185E-02        4.292482E-03        0.000000E+00        0.000000E+00
    6.15879        3.298672E-09        8.667537E-02        1.035376E-04       -0.000000E+00       -0.000000E+00
    6.26684        3.298672E-09        1.194618E-01        1.085417E-01        0.000000E+00        0.000000E+00
    6.37489        3.298672E-09        1.239537E-01       -1.656864E-01        0.000000E+00       -0.000000E+00
    6.48294        3.298672E-09        1.610745E-01       -1.166885E-01        0.000000E+00        0.000000E+00
    6.59099        3.298672E-09        2.172788E-01        3.590884E-03        0.000000E+00       -0.000000E+00
    6.69904        3.298672E-09        2.639336E-01       -5.821439E-03       -0.000000E+00        0.000000E+00
    6.80709        3.298672E-09        3.025333E-01       -1.708951E-02       -0.000000E+00       -0.000000E+00
    6.91514        3.298672E-09        3.350995E-01        2.995851E-02       -0.000000E+00        0.000000E+00
    7.02318        3.298672E-09        3.510796E-01       -5.234939E-02        0.000000E+00        0.000000E+00
    7.13123        3.298672E-09        3.690422E-01        2.730063E-02        0.000000E+00        0.000000E+00
    7.23928        3.298672E-09        3.712019E-01       -4.893353E-02       -0.000000E+00        0.000000E+00
    7.34733        3.298672E-09        3.751140E-01       -4.614232E-02        0.000000E+00       -0.000000E+00
    7.45538        3.298672E-09        3.799576E-01        1.393676E-02       -0.000000E+00        0.000000E+00
    7.56343        3.298672E-09        3.725688E-01        6.779479E-02        0.000000E+00        0.000000E+00
    7.67148        3.298672E-09        3.423607E-01       -1.056575E-02       -0.000000E+00       -0.000000E+00
    7.77953        3.298672E-09        3.085728E-01        7.844163E-03       -0.000000E+00       -0.000000E+00
    7.88758        3.298672E-09        2.682234E-01        5.067206E-02       -0.000000E+00        0.000000E+00
    7.99562        3.298672E-09        2.133923E-01       -3.817182E-02       -0.000000E+00        0.000000E+00
    8.10367        3.298672E-09        1.654297E-01       -3.671173E-03        0.000000E+00       -0.000000E+00
    8.21172        3.298672E-09        1.174692E-01        2.258846E-02       -0.000000E+00       -0.000000E+00
    8.31977        3.298672E-09        6.487957E-02        8.351420E-02       -0.000000E+00       -0.000000E+00
    8.42782        3.298672E-09       -4.076075E-03        9.361124E-02       -0.000000E+00       -0.000000E+00
    8.53587        3.298672E-09       -8.911841E-02       -7.470362E-03       -0.000000E+00        0.000000E+00
    0.10805        3.298672E-09       -1.000000E+00       -6.139124E-02        0.000000E+00       -0.000000E+00
    0.21610        3.298672E-09       -9.633843E-01       -7.434908E-02        0.000000E+00       -0.000000E+00
    0.32415        3.298672E-09       -8.896259E-01        1.454372E-02       -0.000000E+00       -0.000000E+00
    0.43220        3.298672E-09       -8.011768E-01        8.606611E-03       -0.000000E+00       -0.000000E+00
    0.54024        3.298672E-09       -6.995281E-01        6.678933E-03        0.000000E+00        0.000000E+00
    0.64829        3.298672E-09       -5.873550E-01        1.765574E-02       -0.000000E+00        0.000000E+00
    0.75634        3.298672E-09       -4.703283E-01       -5.055750E-03        0.000000E+00        0.000000E+00
    0.86439        3.298672E-09       -3.467595E-01       -8.612578E-03        0.000000E+00        0.000000E+00
    0.97244        3.298672E-09       -2.194009E-01        8.310261E-03        0.000000E+00       -0.000000E+00
    1.08049        3.298672E-09       -9.545332E-02       -2.860141E-02       -0.000000E+00        0.000000E+00
    1.18854        3.298672E-09        2.994841E-02       -2.185128E-02        0.000000E+00        0.000000E+00
    1.29659        3.298672E-09        1.518856E-01        2.247204E-02       -0.000000E+00       -0.000000E+00
    1.40464        3.298672E-09        2.576673E-01       -6.929401E-02       -0.000000E+00        0.000000E+00
    1.51269        3.298672E-09        3.652884E-01       -5.103672E-02       -0.000000E+00       -0.000000E+00
    1.62073        3.298672E-09        4.677186E-01        5.802428E-02       -0.000000E+00       -0.000000E+00
    1.72878        3.298672E-09        5.389207E-01        5.169451E-02       -0.000000E+00        0.000000E+00
    1.83683        3.298672E-09        5.807324E-01       -1.743321E-01        0.000000E+00       -0.000000E+00
    1.94488        3.298672E-09        6.432615E-01        3.754871E-02        0.000000E+00       -0.000000E+00
    2.05293        3.298672E-09        6.773750E-01        1.677263E-02       -0.000000E+00        0.000000E+00
    2.16098        3.298672E-09        6.891026E-01       -1.450154E-01        0.000000E+00       -0.000000E+00
    2.26903        3.298672E-09        7.150575E-01        1.513150E-02        0.000000E+00       -0.000000E+00
    2.37708        3.298672E-09        7.187500E-01        4.162353E-02       -0.000000E+00        0.000000E+00
    2.48513        3.298672E-09        6.963380E-01       -7.272887E-02       -0.000000E+00       -0.000000E+00
    2.59318        3.298672E-09        6.753425E-01        7.083046E-02       -0.000000E+00       -0.000000E+00
    2.70122        3.298672E-09        6.250824E-01        1.173010E-02       -0.000000E+00       -0.000000E+00
    2.80927        3.298672E-09        5.618891E-01       -5.321385E-02       -0.000000E+00       -0.000000E+00
    2.91732        3.298672E-09        5.021484E-01        7.900338E-02        0.000000E+00        0.000000E+00
    3.02537        3.298672E-09        4.182352E-01       -1.191102E-01       -0.000000E+00       -0.000000E+00
    3.13342        3.298672E-09        3.564780E-01        8.210127E-02       -0.000000E+00        0.000000E+00
    3.24147        3.298672E-09        2.730465E-01       -1.690361E-02        0.000000E+00       -0.000000E+00
    3.34952        3.298672E-09        1.925546E-01        6.062725E-02       -0.000000E+00        0.000000E+00
    3.45757        3.298672E-09        9.969459E-02        9.796972E-03       -0.000000E+00        0.000000E+00
    3.56562        3.298672E-09        8.135253E-03        1.009755E-01        0.000000E+00       -0.000000E+00
    3.67367        3.298672E-09       -1.000277E-01        7.243299E-02        0.000000E+00        0.000000E+00
    3.78171        3.298672E-09       -2.154515E-01       -6.844485E-04        0.000000E+00        0.000000E+00
    3.88976        3.298672E-09       -3.195790E-01       -9.757017E-02       -0.000000E+00        0.000000E+00
    3.99781        3.298672E-09       -3.898983E-01       -6.404499E-02        0.000000E+00        0.000000E+00
    4.10586        3.298672E-09       -4.338307E-01        9.443097E-02        0.000000E+00       -0.000000E+00
    4.21391        3.298672E-09       -4.859299E-01        5.762115E-02        0.000000E+00        0.000000E+00
    4.32196        3.298672E-09       -5.366885E-01       -1.233298E-02       -0.000000E+00        0.000000E+00
    4.43001        3.298672E-09       -5.699184E-01       -1.356068E-02        0.000000E+00       -0.000000E+00
    4.53806        3.298672E-09       -5.854052E-01        1.229641E-02       -0.000000E+00       -0.000000E+00
    4.64611        3.298672E-09       -5.891833E-01       -4.785700E-02        0.000000E+00       -0.000000E+00
    4.75416        3.298672E-09       -5.686929E-01       -3.442158E-02       -0.000000E+00        0.000000E+00
    4.86220        3.298672E-09       -5.284144E-01        3.465868E-02        0.000000E+00        0.000000E+00
    4.97025        3.298672E-09       -4.851449E-01       -2.851142E-02        0.000000E+00       -0.000000E+00
    5.07830        3.298672E-09       -4.264187E-01        3.540723E-02       -0.000000E+00        0.000000E+00
    5.18635        3.298672E-09       -3.682171E-01       -2.690149E-02        0.000000E+00       -0.000000E+00
    5.29440        3.298672E-09       -2.984821E-01        6.627446E-02        0.000000E+00        0.000000E+00
    5.40245        3.298672E-09       -2.396570E-01       -1.970383E-02       -0.000000E+00       -0.000000E+00
    5.51050        3.298672E-09       -1.740611E-01        6.790001E-02        0.000000E+00        0.000000E+00
    5.61855        3.298672E-09       -1.226192E-01       -9.661388E-03        0.000000E+00        0.000000E+00
    5.72660        3.298672E-09       -6.907553E-02       -1.241751E-01        0.000000E+00       -0.000000E+00
    5.83465        3.298672E-09        9.871589E-03       -1.803580E-02       -0.000000E+00       -0.000000E+00
    5.94269        3.298672E-09        8.781948E-02        1.307408E-02       -0.000000E+00        0.000000E+00
    6.05074        3.298672E-09        1.560982E-01       -1.099141E-02        0.000000E+00       -0.000000E+00
    6.15879        3.298672E-09        2.187564E-01       -1.675160E-02        0.000000E+00       -0.000000E+00
    6.26684        3.298672E-09        2.757985E-01        7.477293E-02        0.000000E+00       -0.000000E+00
    6.37489        3.298672E-09        3.063655E-01       -9.937095E-02        0.000000E+00       -0.000000E+00
    6.48294        3.298672E-09        3.491400E-01        1.190620E-02       -0.000000E+00        0.000000E+00
    6.59099        3.298672E-09        3.781606E-01        5.901472E-03        0.000000E+00       -0.000000E+00
    6.69904        3.298672E-09        3.949871E-01        7.579634E-03        0.000000E+00        0.000000E+00
    6.80709        3.298672E-09        3.997300E-01        1.903034E-02        0.000000E+00       -0.000000E+00
    6.91514        3.298672E-09        3.906814E-01       -6.846115E-02        0.000000E+00        0.000000E+00
    7.02318        3.298672E-09        3.879611E-01        1.898429E-03        0.000000E+00        0.000000E+00
    7.13123        3.298672E-09        3.759689E-01       -2.885115E-02       -0.000000E+00        0.000000E+00
    7.23928        3.298672E-09        3.622950E-01       -6.759969E-02        0.000000E+00       -0.000000E+00
    7.34733        3.298672E-09        3.557455E-01        2.426336E-02        0.000000E+00       -0.000000E+00
    7.45538        3.298672E-09        3.361119E-01       -1.713436E-02        0.000000E+00       -0.000000E+00
    7.56343        3.298672E-09        3.137131E-01        1.934478E-02        0.000000E+00        0.000000E+00
    7.67148        3.298672E-09        2.813637E-01        7.826978E-02        0.000000E+00        0.000000E+00
    7.77953        3.298672E-09        2.277363E-01       -5.717220E-02        0.000000E+00        0.000000E+00
    7.88758        3.298672E-09        1.846968E-01        5.550621E-02       -0.000000E+00        0.000000E+00
    7.99562        3.298672E-09        1.281345E-01        2.119592E-02       -0.000000E+00       -0.000000E+00
    8.10367        3.298672E-09        6.755174E-02       -2.741086E-02        0.000000E+00        0.000000E+00
    8.21172        3.298672E-09        1.500211E-02       -6.937083E-02       -0.000000E+00       -0.000000E+00
    8.31977        3.298672E-09       -1.979290E-02       -2.757254E-02        0.000000E+00        0.000000E+00
    8.42782        3.298672E-09       -4.614104E-02       -7.886104E-02        0.000000E+00       -0.000000E+00
    8.53587        3.298672E-09       -5.285554E-02        1.518920E-01       -0.000000E+00        0.000000E+00
    0.10805        3.298672E-09       -1.000000E+00       -1.200946E-02        0.000000E+00        0.000000E+00
    0.21610        3.298672E-09       -9.740556E-01       -2.360517E-02        0.000000E+00        0.000000E+00
    0.32415        3.298672E-09       -9.212676E-01        4.693829E-02       -0.000000E+00       -0.000000E+00
    0.43220        3.298672E-09       -8.591897E-01       -8.688147E-02       -0.000000E+00        0.000000E+00
    0.54024        3.298672E-09       -7.607779E-01       -2.639123E-02        0.000000E+00       -0.000000E+00
    0.64829        3.298672E-09       -6.430232E-01        7.703052E-03        0.000000E+00       -0.000000E+00
    0.75634        3.298672E-09       -5.170946E-01       -7.364692E-02        0.000000E+00        0.000000E+00
    0.86439        3.298672E-09       -3.690120E-01        6.796580E-02       -0.000000E+00        0.000000E+00
    0.97244        3.298672E-09       -2.343189E-01       -2.481691E-02        0.000000E+00        0.000000E+00
    1.08049        3.298672E-09       -9.586858E-02       -6.466901E-02       -0.000000E+00       -0.000000E+00
    1.18854        3.298672E-09        5.102746E-02       -3.546301E-02        0.000000E+00        0.000000E+00
    1.29659        3.298672E-09        1.955307E-01       -1.921452E-02        0.000000E+00       -0.000000E+00
    1.40464        3.298672E-09        3.302177E-01        2.200997E-02       -0.000000E+00       -0.000000E+00
    1.51269        3.298672E-09        4.430023E-01        4.765639E-02       -0.000000E+00        0.000000E+00
    1.62073        3.298672E-09        5.267148E-01        1.285680E-02       -0.000000E+00        0.000000E+00
    1.72878        3.298672E-09        5.887735E-01        4.133754E-03        0.000000E+00        0.000000E+00
    1.83683        3.298672E-09        6.311260E-01        3.387951E-02       -0.000000E+00        0.000000E+00
    1.94488        3.298672E-09        6.478710E-01       -1.143148E-01       -0.000000E+00       -0.000000E+00
    2.05293        3.298672E-09        6.727734E-01       -4.509914E-02        0.000000E+00        0.000000E+00
    2.16098        3.298672E-09        6.895692E-01       -4.205958E-02        0.000000E+00       -0.000000E+00
    2.26903        3.298672E-09        6.978916E-01        8.983287E-02       -0.000000E+00       -0.000000E+00
    2.37708        3.298672E-09        6.697780E-01        1.172036E-01        0.000000E+00        0.000000E+00
    2.48513        3.298672E-09        6.031135E-01        1.615480E-02       -0.000000E+00       -0.000000E+00
    2.59318        3.298672E-09        5.243660E-01       -8.885650E-02        0.000000E+00        0.000000E+00
    2.70122        3.298672E-09        4.587550E-01       -5.008753E-02       -0.000000E+00        0.000000E+00
    2.80927        3.298672E-09        3.982060E-01        9.177984E-02       -0.000000E+00        0.000000E+00
    2.91732        3.298672E-09        3.129350E-01        7.585291E-02        0.000000E+00       -0.000000E+00
    3.02537        3.298672E-09        2.098818E-01        2.591492E-02        0.000000E+00       -0.000000E+00
    3.13342        3.298672E-09        1.030855E-01        1.661480E-02        0.000000E+00        0.000000E+00
    3.24147        3.298672E-09       -3.088742E-03        4.481803E-02        0.000000E+00        0.000000E+00
    3.34952        3.298672E-09       -1.126410E-01       -9.082083E-02        0.000000E+00        0.000000E+00
    3.45757        3.298672E-09       -1.938404E-01        7.495394E-02        0.000000E+00        0.000000E+00
    3.56562        3.298672E-09       -2.823635E-01       -3.189071E-02        0.000000E+00       -0.000000E+00
    3.67367        3.298672E-09       -3.528529E-01       -1.038869E-01       -0.000000E+00       -0.000000E+00
    3.78171        3.298672E-09       -3.891448E-01        2.413833E-02       -0.000000E+00       -0.000000E+00
    3.88976        3.298672E-09       -4.197891E-01        1.501989E-02       -0.000000E+00        0.000000E+00
    3.99781        3.298672E-09       -4.423967E-01       -1.243224E-02       -0.000000E+00        0.000000E+00
    4.10586        3.298672E-09       -4.509062E-01        6.694155E-02       -0.000000E+00        0.000000E+00
    4.21391        3.298672E-09       -4.629478E-01       -1.534624E-02        0.000000E+00        0.000000E+00
    4.32196        3.298672E-09       -4.602926E-01       -4.292998E-03       -0.000000E+00        0.000000E+00
    4.43001        3.298672E-09       -4.460883E-01       -1.812867E-02        0.000000E+00        0.000000E+00
    4.53806        3.298672E-09       -4.182291E-01        1.132600E-02        0.000000E+00        0.000000E+00
    4.64611        3.298672E-09       -3.843995E-01        1.016195E-01        0.000000E+00        0.000000E+00
    4.75416        3.298672E-09       -3.652146E-01       -2.689864E-02       -0.000000E+00       -0.000000E+00
    4.86220        3.298672E-09       -3.326394E-01        1.366963E-02        0.000000E+00        0.000000E+00
    4.97025        3.298672E-09       -2.968875E-01       -6.480380E-02       -0.000000E+00        0.000000E+00
    5.07830        3.298672E-09       -2.420249E-01       -8.153369E-02        0.000000E+00        0.000000E+00
    5.18635        3.298672E-09       -1.667641E-01       -6.032943E-02       -0.000000E+00       -0.000000E+00
    5.29440        3.298672E-09       -7.865380E-02       -7.644586E-02       -0.000000E+00        0.000000E+00
    5.40245        3.298672E-09        2.282791E-02       -4.499291E-02       -0.000000E+00       -0.000000E+00
    5.51050        3.298672E-09        1.274621E-01        6.839814E-02        0.000000E+00        0.000000E+00
    5.61855        3.298672E-09        2.077714E-01       -5.020441E-02       -0.000000E+00       -0.000000E+00
    5.72660        3.298672E-09        2.888182E-01       -1.946666E-02       -0.000000E+00       -0.000000E+00
    5.83465        3.298672E-09        3.617797E-01       -3.708189E-02        0.000000E+00        0.000000E+00
    5.94269        3.298672E-09        4.291038E-01        1.877227E-02        0.000000E+00       -0.000000E+00
    6.05074        3.298672E-09        4.773608E-01       -2.695312E-03        0.000000E+00       -0.000000E+00
    6.15879        3.298672E-09        5.113735E-01       -4.261233E-02        0.000000E+00        0.000000E+00
    6.26684        3.298672E-09        5.400067E-01       -3.640177E-02       -0.000000E+00        0.000000E+00
    6.37489        3.298672E-09        5.616297E-01       -6.738874E-03        0.000000E+00       -0.000000E+00
    6.48294        3.298672E-09        5.698597E-01        1.097216E-01       -0.000000E+00       -0.000000E+00
    6.59099        3.298672E-09        5.404095E-01        5.679431E-02       -0.000000E+00        0.000000E+00
    6.69904        3.298672E-09        4.884013E-01        4.280666E-02        0.000000E+00       -0.000000E+00
    6.80709        3.298672E-09        4.197321E-01       -9.215480E-03        0.000000E+00        0.000000E+00
    6.91514        3.298672E-09        3.483171E-01        5.551387E-02        0.000000E+00        0.000000E+00
    7.02318        3.298672E-09        2.618272E-01        1.273602E-02        0.000000E+00        0.000000E+00
    7.13123        3.298672E-09        1.723053E-01        5.008653E-02        0.000000E+00       -0.000000E+00
    7.23928        3.298672E-09        7.369029E-02       -2.213938E-02        0.000000E+00        0.000000E+00
    7.34733        3.298672E-09       -1.584061E-02       -2.154345E-02        0.000000E+00        0.000000E+00
    7.45538        3.298672E-09       -9.512187E-02       -2.737157E-02       -0.000000E+00        0.000000E+00
    7.56343        3.298672E-09       -1.618176E-01        5.683050E-02        0.000000E+00        0.000000E+00
    7.67148        3.298672E-09       -2.333905E-01       -2.954150E-02        0.000000E+00        0.000000E+00
    7.77953        3.298672E-09       -2.893681E-01       -4.902819E-02       -0.000000E+00        0.000000E+00
    7.88758        3.298672E-09       -3.251267E-01        4.500886E-02        0.000000E+00       -0.000000E+00
    7.99562        3.298672E-09       -3.612178E-01        6.554542E-02        0.000000E+00        0.000000E+00
    8.10367        3.298672E-09       -4.012492E-01       -9.169169E-02       -0.000000E+00        0.000000E+00
    8.21172        3.298672E-09       -4.101470E-01       -4.297712E-02        0.000000E+00       -0.000000E+00
    8.31977        3.298672E-09       -3.997492E-01        1.009943E-01        0.000000E+00        0.000000E+00
    8.42782        3.298672E-09       -4.023491E-01        3.211712E-02       -0.000000E+00       -0.000000E+00
    8.53587        3.298672E-09       -4.023684E-01       -1.662485E-01       -0.000000E+00       -0.000000E+00
    0.10805        3.298672E-09       -1.000000E+00        4.077815E-02       -0.000000E+00       -0.000000E+00
    0.21610        3.298672E-09       -9.854629E-01        1.441834E-02        0.000000E+00        0.000000E+00
    0.32415        3.298672E-09       -9.515902E-01       -5.910183E-02        0.000000E+00       -0.000000E+00
    0.43220        3.298672E-09       -8.840447E-01       -4.791271E-02       -0.000000E+00       -0.000000E+00
    0.54024        3.298672E-09       -7.882004E-01        3.090276E-02        0.000000E+00        0.000000E+00
    0.64829        3.298672E-09       -6.846030E-01        2.764247E-02        0.000000E+00        0.000000E+00
    0.75634        3.298672E-09       -5.754705E-01       -4.270638E-02        0.000000E+00        0.000000E+00
    0.86439        3.298672E-09       -4.486056E-01        6.189543E-02       -0.000000E+00        0.000000E+00
    0.97244        3.298672E-09       -3.306957E-01       -8.018273E-02        0.000000E+00       -0.000000E+00
    1.08049        3.298672E-09       -1.936650E-01        4.165071E-02       -0.000000E+00       -0.000000E+00
    1.18854        3.298672E-09       -6.845049E-02        9.077225E-02       -0.000000E+00        0.000000E+00
    1.29659        3.298672E-09        3.162716E-02       -1.046632E-01       -0.000000E+00        0.000000E+00
    1.40464        3.298672E-09        1.476035E-01       -5.732477E-03        0.000000E+00       -0.000000E+00
    1.51269        3.298672E-09        2.540149E-01       -3.412101E-03        0.000000E+00        0.000000E+00
    1.62073        3.298672E-09        3.480859E-01       -5.008859E-02       -0.000000E+00       -0.000000E+00
    1.72878        3.298672E-09        4.381964E-01       -7.528766E-02        0.000000E+00        0.000000E+00
    1.83683        3.298672E-09        5.276286E-01        8.584671E-02        0.000000E+00       -0.000000E+00
    1.94488        3.298672E-09        5.791594E-01       -1.860574E-02        0.000000E+00       -0.000000E+00
    2.05293        3.298672E-09        6.170069E-01       -6.395835E-02       -0.000000E+00       -0.000000E+00
    2.16098        3.298672E-09        6.511247E-01       -4.310980E-02        0.000000E+00        0.000000E+00
    2.26903        3.298672E-09        6.764590E-01        2.727690E-02        0.000000E+00       -0.000000E+00
    2.37708        3.298672E-09        6.779180E-01       -1.392477E-02       -0.000000E+00       -0.000000E+00
    2.48513        3.298672E-09        6.664312E-01       -1.017503E-01       -0.000000E+00        0.000000E+00
    2.59318        3.298672E-09        6.623567E-01       -5.753287E-02        0.000000E+00        0.000000E+00
    2.70122        3.298672E-09        6.555978E-01       -9.552386E-02        0.000000E+00        0.000000E+00
    2.80927        3.298672E-09        6.547492E-01        4.953520E-02       -0.000000E+00        0.000000E+00
    2.91732        3.298672E-09        6.279805E-01       -6.654244E-02       -0.000000E+00        0.000000E+00
    3.02537        3.298672E-09        6.031680E-01       -1.162221E-02       -0.000000E+00       -0.000000E+00
    3.13342        3.298672E-09        5.688271E-01       -8.017352E-02        0.000000E+00       -0.000000E+00
    3.24147        3.298672E-09        5.412984E-01        1.078696E-02        0.000000E+00       -0.000000E+00
    3.34952        3.298672E-09        5.009821E-01        9.535065E-02        0.000000E+00       -0.000000E+00
    3.45757        3.298672E-09        4.314819E-01        4.254028E-02        0.000000E+00       -0.000000E+00
    3.56562        3.298672E-09        3.478739E-01       -1.083325E-01        0.000000E+00        0.000000E+00
    3.67367        3.298672E-09        2.854697E-01       -4.017952E-02        0.000000E+00        0.000000E+00
    3.78171        3.298672E-09        2.293469E-01        4.978313E-02        0.000000E+00        0.000000E+00
    3.88976        3.298672E-09        1.608301E-01       -3.153760E-02       -0.000000E+00        0.000000E+00
    3.99781        3.298672E-09        9.975021E-02       -9.930001E-02        0.000000E+00        0.000000E+00
    4.10586        3.298672E-09        6.157908E-02        2.644323E-02        0.000000E+00        0.000000E+00
    4.21391        3.298672E-09        1.857175E-02       -6.529035E-02        0.000000E+00        0.000000E+00
    4.32196        3.298672E-09       -8.206976E-03       -5.813021E-02        0.000000E+00        0.000000E+00
    4.43001        3.298672E-09       -2.066372E-02       -2.215184E-03       -0.000000E+00       -0.000000E+00
    4.53806        3.298672E-09       -3.143416E-02        9.572348E-02       -0.000000E+00        0.000000E+00
    4.64611        3.298672E-09       -6.153266E-02        2.523035E-02        0.000000E+00       -0.000000E+00
    4.75416        3.298672E-09       -9.392952E-02        8.361378E-03       -0.000000E+00       -0.000000E+00
    4.86220        3.298672E-09       -1.241208E-01       -4.509054E-02        0.000000E+00        0.000000E+00
    4.97025        3.298672E-09       -1.399990E-01       -3.904670E-02        0.000000E+00        0.000000E+00
    5.07830        3.298672E-09       -1.432984E-01       -1.239314E-02        0.000000E+00       -0.000000E+00
    5.18635        3.298672E-09       -1.403928E-01        4.815785E-02       -0.000000E+00        0.000000E+00
    5.29440        3.298672E-09       -1.447755E-01        4.742702E-02        0.000000E+00        0.000000E+00
    5.40245        3.298672E-09       -1.557866E-01       -8.550714E-02       -0.000000E+00        0.000000E+00
    5.51050        3.298672E-09       -1.440820E-01       -1.008826E-01       -0.000000E+00        0.000000E+00
    5.61855        3.298672E-09       -1.078543E-01       -8.197078E-02       -0.000000E+00        0.000000E+00
    5.72660        3.298672E-09       -5.341528E-02        4.627201E-02        0.000000E+00        0.000000E+00
    5.83465        3.298672E-09       -1.084654E-02        1.818741E-02       -0.000000E+00       -0.000000E+00
    5.94269        3.298672E-09        2.555506E-02       -1.411830E-01       -0.000000E+00       -0.000000E+00
    6.05074        3.298672E-09        8.970074E-02       -4.797223E-03        0.000000E+00        0.000000E+00
    6.15879        3.298672E-09        1.488402E-01       -9.143512E-03        0.000000E+00       -0.000000E+00
    6.26684        3.298672E-09        2.027261E-01        3.933441E-02        0.000000E+00       -0.000000E+00
    6.37489        3.298672E-09        2.398585E-01        3.118671E-02       -0.000000E+00        0.000000E+00
    6.48294        3.298672E-09        2.621763E-01       -3.241635E-02       -0.000000E+00       -0.000000E+00
    6.59099        3.298672E-09        2.838720E-01        6.548996E-02       -0.000000E+00       -0.000000E+00
    6.69904        3.298672E-09        2.833061E-01       -2.403743E-03        0.000000E+00       -0.000000E+00
    6.80709        3.298672E-09        2.766833E-01        3.111669E-02       -0.000000E+00        0.000000E+00
    6.91514        3.298672E-09        2.573263E-01       -4.198447E-02       -0.000000E+00       -0.000000E+00
    7.02318        3.298672E-09        2.423361E-01        1.443851E-02       -0.000000E+00       -0.000000E+00
    7.13123        3.298672E-09        2.195677E-01        1.482174E-02       -0.000000E+00        0.000000E+00
    7.23928        3.298672E-09        1.899706E-01        6.514472E-02        0.000000E+00        0.000000E+00
    7.34733        3.298672E-09        1.437803E-01       -9.729394E-03       -0.000000E+00       -0.000000E+00
    7.45538        3.298672E-09        9.925976E-02       -1.060462E-01       -0.000000E+00       -0.000000E+00
    7.56343        3.298672E-09        7.809193E-02       -1.046955E-01       -0.000000E+00        0.000000E+00
    7.67148        3.298672E-09        7.902043E-02        3.876078E-03        0.000000E+00       -0.000000E+00
    7.77953        3.298672E-09        7.720941E-02        1.137847E-01        0.000000E+00       -0.000000E+00
    7.88758        3.298672E-09        4.911775E-02       -2.925610E-02        0.000000E+00       -0.000000E+00
    7.99562        3.298672E-09        2.789502E-02       -2.578804E-02       -0.000000E+00        0.000000E+00
    8.10367        3.298672E-09        1.285953E-02        5.911956E-02       -0.000000E+00        0.000000E+00
    8.21172        3.298672E-09       -1.436181E-02       -1.554894E-01       -0.000000E+00       -0.000000E+00
    8.31977        3.298672E-09       -6.057308E-03        2.458865E-03       -0.000000E+00       -0.000000E+00
    8.42782        3.298672E-09        1.370324E-03       -3.258134E-02       -0.000000E+00        0.000000E+00
    8.53587        3.298672E-09        1.536957E-02       -4.831845E-02       -0.000000E+00        0.000000E+00
