BEHD @ YYE. Sim. done on 2023-10-28   12h45
### Sim. w/ κ =    0.100 ; and ∆_0 =  2.00; T =    2.98E+05
 ## r =  1.00E-06 ; rhosty =  1.05E+03 ; rhosol =  1.00E+03
 ## k =  2.00 ; ∆_eq =  2.00 ; num_particle =      10
  Time        Position ∆        γ_z        Veloctiy ∆        Fz total        electro î        spurious        Noise z
 
 
    0.10805     2.0000E+00     3.5355E-01     0.0000E+00    -1.0000E+00     0.0000E+00     2.2329-314    -7.0914E-02
    0.21610     1.9803E+00     3.5883E-01    -1.8200E-01    -9.6067E-01     0.0000E+00     2.2329-314     3.9279E-02
    0.32415     1.9543E+00     3.6602E-01    -2.4057E-01    -9.0868E-01     0.0000E+00     2.2329-314    -8.2422E-04
    0.43220     1.9185E+00     3.7633E-01    -3.3188E-01    -8.3696E-01     0.0000E+00     2.2329-314     4.5639E-02
    0.54024     1.8791E+00     3.8821E-01    -3.6415E-01    -7.5827E-01     0.0000E+00     2.2329-314    -4.9201E-02
    0.64829     1.8270E+00     4.0496E-01    -4.8292E-01    -6.5391E-01     0.0000E+00     2.2329-314     2.8694E-02
    0.75634     1.7724E+00     4.2381E-01    -5.0516E-01    -5.4475E-01     0.0000E+00     2.2329-314     4.6928E-02
    0.86439     1.7189E+00     4.4373E-01    -4.9483E-01    -4.3782E-01     0.0000E+00     2.2329-314    -3.7730E-03
    0.97244     1.6623E+00     4.6661E-01    -5.2426E-01    -3.2452E-01     0.0000E+00     2.2329-314    -9.5112E-03
    1.08049     1.6034E+00     4.9253E-01    -5.4468E-01    -2.0682E-01     0.0000E+00     2.2329-314     1.1700E-01
    1.18854     1.5582E+00     5.1413E-01    -4.1857E-01    -1.1637E-01     0.0000E+00     2.2329-314    -7.3728E-03
    1.29659     1.5132E+00     5.3724E-01    -4.1659E-01    -2.6345E-02     0.0000E+00     2.2329-314     2.0419E-02
    1.40464     1.4727E+00     5.5954E-01    -3.7457E-01     5.4600E-02     0.0000E+00     2.2329-314    -7.6696E-02
    1.51269     1.4266E+00     5.8688E-01    -4.2671E-01     1.4681E-01     0.0000E+00     2.2329-314     1.0270E-02
    1.62073     1.3863E+00     6.1264E-01    -3.7277E-01     2.2737E-01     0.0000E+00     2.2329-314     4.6041E-02
    1.72878     1.3568E+00     6.3276E-01    -2.7346E-01     2.8646E-01     0.0000E+00     2.2329-314    -3.4384E-03
    1.83683     1.3324E+00     6.5018E-01    -2.2532E-01     3.3515E-01     0.0000E+00     2.2329-314    -1.6701E-02
    1.94488     1.3121E+00     6.6537E-01    -1.8835E-01     3.7585E-01     0.0000E+00     2.2329-314    -2.5074E-02
    2.05293     1.2950E+00     6.7855E-01    -1.5777E-01     4.0995E-01     0.0000E+00     2.2329-314     7.9756E-03
    2.16098     1.2854E+00     6.8620E-01    -8.9305E-02     4.2924E-01     0.0000E+00     2.2329-314    -2.1862E-02
    2.26903     1.2793E+00     6.9106E-01    -5.5839E-02     4.4131E-01     0.0000E+00     2.2329-314    -4.9130E-02
    2.37708     1.2736E+00     6.9574E-01    -5.3093E-02     4.5278E-01     0.0000E+00     2.2329-314    -4.0694E-02
    2.48513     1.2693E+00     6.9930E-01    -4.0014E-02     4.6143E-01     0.0000E+00     2.2329-314    -3.6663E-02
    2.59318     1.2668E+00     7.0131E-01    -2.2546E-02     4.6630E-01     0.0000E+00     2.2329-314     6.4598E-02
    2.70122     1.2781E+00     6.9205E-01     1.0439E-01     4.4374E-01     0.0000E+00     2.2329-314    -6.6400E-02
    2.80927     1.2863E+00     6.8548E-01     7.5496E-02     4.2743E-01     0.0000E+00     2.2329-314     2.7686E-02
    2.91732     1.3024E+00     6.7279E-01     1.4927E-01     3.9517E-01     0.0000E+00     2.2329-314    -3.0687E-02
    3.02537     1.3186E+00     6.6042E-01     1.4997E-01     3.6276E-01     0.0000E+00     2.2329-314    -4.2745E-02
    3.13342     1.3331E+00     6.4968E-01     1.3411E-01     3.3378E-01     0.0000E+00     2.2329-314    -2.2358E-02
    3.24147     1.3481E+00     6.3891E-01     1.3830E-01     3.0390E-01     0.0000E+00     2.2329-314     9.7806E-02
    3.34952     1.3770E+00     6.1890E-01     2.6752E-01     2.4609E-01     0.0000E+00     2.2329-314    -5.8322E-03
    3.45757     1.4061E+00     5.9978E-01     2.6945E-01     1.8786E-01     0.0000E+00     2.2329-314     3.1610E-02
    3.56562     1.4390E+00     5.7930E-01     3.0494E-01     1.2196E-01     0.0000E+00     2.2329-314     2.7321E-02
    3.67367     1.4743E+00     5.5864E-01     3.2637E-01     5.1437E-02     0.0000E+00     2.2329-314    -1.5244E-01
    3.78171     1.4905E+00     5.4954E-01     1.5018E-01     1.8984E-02     0.0000E+00     2.2329-314     1.0457E-02
    3.88976     1.5071E+00     5.4048E-01     1.5365E-01    -1.4220E-02     0.0000E+00     2.2329-314     4.3060E-02
    3.99781     1.5274E+00     5.2977E-01     1.8743E-01    -5.4724E-02     0.0000E+00     2.2329-314    -1.1262E-02
    4.10586     1.5444E+00     5.2101E-01     1.5792E-01    -8.8850E-02     0.0000E+00     2.2329-314     2.6945E-02
    4.21391     1.5624E+00     5.1204E-01     1.6647E-01    -1.2482E-01     0.0000E+00     2.2329-314     3.2584E-02
    4.32196     1.5815E+00     5.0281E-01     1.7649E-01    -1.6296E-01     0.0000E+00     2.2329-314    -6.6543E-03
    4.43001     1.5967E+00     4.9563E-01     1.4102E-01    -1.9344E-01     0.0000E+00     2.2329-314    -1.8925E-02
    4.53806     1.6066E+00     4.9105E-01     9.1662E-02    -2.1324E-01     0.0000E+00     2.2329-314    -2.7944E-02
    4.64611     1.6103E+00     4.8939E-01     3.3642E-02    -2.2051E-01     0.0000E+00     2.2329-314     1.6512E-01
    4.75416     1.6295E+00     4.8074E-01     1.7821E-01    -2.5903E-01     0.0000E+00     2.2329-314    -8.1001E-02
    4.86220     1.6355E+00     4.7810E-01     5.5562E-02    -2.7103E-01     0.0000E+00     2.2329-314     8.3517E-03
    4.97025     1.6389E+00     4.7664E-01     3.0869E-02    -2.7770E-01     0.0000E+00     2.2329-314    -3.7183E-02
    5.07830     1.6345E+00     4.7855E-01    -4.0326E-02    -2.6899E-01     0.0000E+00     2.2329-314    -5.5360E-02
    5.18635     1.6209E+00     4.8457E-01    -1.2558E-01    -2.4185E-01     0.0000E+00     2.2329-314     5.4926E-03
    5.29440     1.6058E+00     4.9145E-01    -1.4030E-01    -2.1153E-01     0.0000E+00     2.2329-314    -3.3564E-02
    5.40245     1.5851E+00     5.0109E-01    -1.9127E-01    -1.7020E-01     0.0000E+00     2.2329-314    -7.4417E-02
    5.51050     1.5551E+00     5.1564E-01    -2.7725E-01    -1.1029E-01     0.0000E+00     2.2329-314     2.5423E-03
    5.61855     1.5258E+00     5.3059E-01    -2.7160E-01    -5.1593E-02     0.0000E+00     2.2329-314     1.1108E-01
    5.72660     1.5100E+00     5.3891E-01    -1.4583E-01    -2.0079E-02     0.0000E+00     2.2329-314     1.6386E-03
    5.83465     1.4952E+00     5.4698E-01    -1.3777E-01     9.6916E-03     0.0000E+00     2.2329-314     8.2798E-03
    5.94269     1.4822E+00     5.5415E-01    -1.1971E-01     3.5560E-02     0.0000E+00     2.2329-314     2.5079E-02
    6.05074     1.4734E+00     5.5916E-01    -8.2044E-02     5.3290E-02     0.0000E+00     2.2329-314    -9.2099E-02
    6.15879     1.4552E+00     5.6964E-01    -1.6770E-01     8.9530E-02     0.0000E+00     2.2329-314     1.2492E-02
    6.26684     1.4408E+00     5.7824E-01    -1.3388E-01     1.1846E-01     0.0000E+00     2.2329-314    -4.1733E-02
    6.37489     1.4239E+00     5.8853E-01    -1.5587E-01     1.5214E-01     0.0000E+00     2.2329-314    -5.6625E-02
    6.48294     1.4036E+00     6.0137E-01    -1.8827E-01     1.9283E-01     0.0000E+00     2.2329-314     1.0212E-01
    6.59099     1.3987E+00     6.0454E-01    -4.5434E-02     2.0265E-01     0.0000E+00     2.2329-314     6.8722E-03
    6.69904     1.3974E+00     6.0537E-01    -1.1868E-02     2.0521E-01     0.0000E+00     2.2329-314    -2.2294E-02
    6.80709     1.3962E+00     6.0616E-01    -1.1269E-02     2.0765E-01     0.0000E+00     2.2329-314    -4.6820E-03
    6.91514     1.3971E+00     6.0558E-01     8.2706E-03     2.0586E-01     0.0000E+00     2.2329-314     3.0423E-02
    7.02318     1.4039E+00     6.0115E-01     6.3519E-02     1.9213E-01     0.0000E+00     2.2329-314    -3.7957E-03
    7.13123     1.4123E+00     5.9584E-01     7.6991E-02     1.7549E-01     0.0000E+00     2.2329-314     1.0268E-02
    7.23928     1.4233E+00     5.8890E-01     1.0254E-01     1.5334E-01     0.0000E+00     2.2329-314     6.5899E-02
    7.34733     1.4431E+00     5.7686E-01     1.8264E-01     1.1387E-01     0.0000E+00     2.2329-314     2.4788E-02
    7.45538     1.4657E+00     5.6356E-01     2.0930E-01     6.8639E-02     0.0000E+00     2.2329-314     8.5499E-02
    7.56343     1.4973E+00     5.4578E-01     2.9307E-01     5.3064E-03     0.0000E+00     2.2329-314     1.5848E-02
    7.67148     1.5288E+00     5.2901E-01     2.9127E-01    -5.7637E-02     0.0000E+00     2.2329-314     6.2012E-02
    7.77953     1.5646E+00     5.1096E-01     3.3134E-01    -1.2924E-01     0.0000E+00     2.2329-314    -1.2197E-02
    7.88758     1.5953E+00     4.9628E-01     2.8415E-01    -1.9064E-01     0.0000E+00     2.2329-314    -1.0357E-01
    7.99562     1.6103E+00     4.8936E-01     1.3883E-01    -2.2064E-01     0.0000E+00     2.2329-314     5.1698E-02
    8.10367     1.6276E+00     4.8159E-01     1.5992E-01    -2.5520E-01     0.0000E+00     2.2329-314     4.6666E-02
    8.21172     1.6461E+00     4.7351E-01     1.7085E-01    -2.9212E-01     0.0000E+00     2.2329-314    -8.4310E-02
    8.31977     1.6506E+00     4.7157E-01     4.1793E-02    -3.0115E-01     0.0000E+00     2.2329-314    -2.4137E-02
    8.42782     1.6485E+00     4.7245E-01    -1.9038E-02    -2.9704E-01     0.0000E+00     2.2329-314     1.9681E-02
    8.53587     1.6452E+00     4.7389E-01    -3.0911E-02    -2.9036E-01     0.0000E+00     2.2329-314     1.4651E-02
 
 
    0.10805     2.0000E+00     3.5355E-01     0.0000E+00    -1.0000E+00     0.0000E+00     2.2329-314     7.7470E-02
    0.21610     1.9966E+00     3.5445E-01    -3.1112E-02    -9.9328E-01     0.0000E+00     2.2329-314    -5.4171E-02
    0.32415     1.9757E+00     3.6011E-01    -1.9415E-01    -9.5132E-01     0.0000E+00     2.2329-314    -2.1661E-02
    0.43220     1.9418E+00     3.6956E-01    -3.1323E-01    -8.8363E-01     0.0000E+00     2.2329-314     5.4269E-02
    0.54024     1.9048E+00     3.8039E-01    -3.4277E-01    -8.0956E-01     0.0000E+00     2.2329-314     1.9151E-02
    0.64829     1.8617E+00     3.9366E-01    -3.9848E-01    -7.2345E-01     0.0000E+00     2.2329-314    -4.7358E-02
    0.75634     1.8066E+00     4.1181E-01    -5.1001E-01    -6.1324E-01     0.0000E+00     2.2329-314    -1.2719E-01
    0.86439     1.7325E+00     4.3852E-01    -6.8599E-01    -4.6500E-01     0.0000E+00     2.2329-314     1.0267E-01
    0.97244     1.6676E+00     4.6438E-01    -6.0101E-01    -3.3512E-01     0.0000E+00     2.2329-314     2.1390E-03
    1.08049     1.6020E+00     4.9320E-01    -6.0721E-01    -2.0391E-01     0.0000E+00     2.2329-314     4.5123E-03
    1.18854     1.5377E+00     5.2443E-01    -5.9447E-01    -7.5442E-02     0.0000E+00     2.2329-314    -2.5527E-02
    1.29659     1.4732E+00     5.5928E-01    -5.9754E-01     5.3684E-02     0.0000E+00     2.2329-314    -3.2402E-02
    1.40464     1.4093E+00     5.9774E-01    -5.9134E-01     1.8147E-01     0.0000E+00     2.2329-314    -7.4641E-02
    1.51269     1.3429E+00     6.4256E-01    -6.1377E-01     3.1411E-01     0.0000E+00     2.2329-314     1.8999E-02
    1.62073     1.2870E+00     6.8489E-01    -5.1757E-01     4.2595E-01     0.0000E+00     2.2329-314    -4.9277E-02
    1.72878     1.2346E+00     7.2896E-01    -4.8501E-01     5.3076E-01     0.0000E+00     2.2329-314    -4.9164E-02
    1.83683     1.1871E+00     7.7317E-01    -4.3991E-01     6.2583E-01     0.0000E+00     2.2329-314    -5.3742E-02
    1.94488     1.1450E+00     8.1617E-01    -3.8935E-01     7.0997E-01     0.0000E+00     2.2329-314    -3.5119E-02
    2.05293     1.1116E+00     8.5321E-01    -3.0895E-01     7.7673E-01     0.0000E+00     2.2329-314     5.9362E-02
    2.16098     1.0991E+00     8.6782E-01    -1.1581E-01     8.0176E-01     0.0000E+00     2.2329-314     1.9749E-02
    2.26903     1.1012E+00     8.6543E-01     1.8771E-02     7.9770E-01     0.0000E+00     2.2329-314    -7.2390E-02
    2.37708     1.1046E+00     8.6132E-01     3.2336E-02     7.9071E-01     0.0000E+00     2.2329-314     2.4060E-02
    2.48513     1.1214E+00     8.4214E-01     1.5470E-01     7.5728E-01     0.0000E+00     2.2329-314     1.0592E-01
    2.59318     1.1594E+00     8.0103E-01     3.5208E-01     6.8120E-01     0.0000E+00     2.2329-314    -5.8634E-02
    2.70122     1.1951E+00     7.6542E-01     3.3031E-01     6.0982E-01     0.0000E+00     2.2329-314     7.2608E-02
    2.80927     1.2438E+00     7.2092E-01     4.5061E-01     5.1244E-01     0.0000E+00     2.2329-314    -5.2568E-02
    2.91732     1.2881E+00     6.8402E-01     4.1032E-01     4.2377E-01     0.0000E+00     2.2329-314     5.4745E-02
    3.02537     1.3403E+00     6.4446E-01     4.8296E-01     3.1941E-01     0.0000E+00     2.2329-314    -1.6681E-02
    3.13342     1.3902E+00     6.1006E-01     4.6210E-01     2.1955E-01     0.0000E+00     2.2329-314     6.8174E-03
    3.24147     1.4398E+00     5.7880E-01     4.5917E-01     1.2032E-01     0.0000E+00     2.2329-314    -6.5028E-02
    3.34952     1.4800E+00     5.5542E-01     3.7144E-01     4.0055E-02     0.0000E+00     2.2329-314    -5.3197E-02
    3.45757     1.5119E+00     5.3793E-01     2.9524E-01    -2.3746E-02     0.0000E+00     2.2329-314    -7.6294E-03
    3.56562     1.5406E+00     5.2296E-01     2.6576E-01    -8.1176E-02     0.0000E+00     2.2329-314     3.3476E-02
    3.67367     1.5703E+00     5.0818E-01     2.7520E-01    -1.4065E-01     0.0000E+00     2.2329-314     6.7751E-02
    3.78171     1.6042E+00     4.9217E-01     3.1351E-01    -2.0840E-01     0.0000E+00     2.2329-314    -1.0546E-02
    3.88976     1.6324E+00     4.7946E-01     2.6119E-01    -2.6484E-01     0.0000E+00     2.2329-314     8.8617E-02
    3.99781     1.6658E+00     4.6513E-01     3.0880E-01    -3.3157E-01     0.0000E+00     2.2329-314    -2.3657E-03
    4.10586     1.6931E+00     4.5392E-01     2.5274E-01    -3.8619E-01     0.0000E+00     2.2329-314    -4.7878E-02
    4.21391     1.7090E+00     4.4760E-01     1.4723E-01    -4.1800E-01     0.0000E+00     2.2329-314    -7.8007E-03
    4.32196     1.7182E+00     4.4400E-01     8.5219E-02    -4.3642E-01     0.0000E+00     2.2329-314    -4.3156E-02
    4.43001     1.7169E+00     4.4451E-01    -1.1992E-02    -4.3383E-01     0.0000E+00     2.2329-314    -1.0292E-01
    4.53806     1.6990E+00     4.5155E-01    -1.6558E-01    -3.9804E-01     0.0000E+00     2.2329-314    -1.7308E-03
    4.64611     1.6770E+00     4.6046E-01    -2.0354E-01    -3.5406E-01     0.0000E+00     2.2329-314    -5.4063E-02
    4.75416     1.6458E+00     4.7360E-01    -2.8861E-01    -2.9169E-01     0.0000E+00     2.2329-314    -5.7276E-02
    4.86220     1.6063E+00     4.9119E-01    -3.6570E-01    -2.1267E-01     0.0000E+00     2.2329-314     3.2156E-02
    4.97025     1.5699E+00     5.0838E-01    -3.3704E-01    -1.3983E-01     0.0000E+00     2.2329-314    -1.5299E-02
    5.07830     1.5321E+00     5.2733E-01    -3.5035E-01    -6.4122E-02     0.0000E+00     2.2329-314     9.6556E-02
    5.18635     1.5064E+00     5.4084E-01    -2.3706E-01    -1.2893E-02     0.0000E+00     2.2329-314     4.5810E-02
    5.29440     1.4874E+00     5.5129E-01    -1.7666E-01     2.5283E-02     0.0000E+00     2.2329-314     1.7387E-02
    5.40245     1.4717E+00     5.6011E-01    -1.4490E-01     5.6596E-02     0.0000E+00     2.2329-314    -2.9346E-02
    5.51050     1.4544E+00     5.7015E-01    -1.6039E-01     9.1256E-02     0.0000E+00     2.2329-314     9.9309E-02
    5.61855     1.4506E+00     5.7240E-01    -3.5367E-02     9.8898E-02     0.0000E+00     2.2329-314     2.4409E-02
    5.72660     1.4510E+00     5.7216E-01     3.8263E-03     9.8072E-02     0.0000E+00     2.2329-314    -3.7916E-03
    5.83465     1.4521E+00     5.7148E-01     1.0668E-02     9.5766E-02     0.0000E+00     2.2329-314    -6.7819E-02
    5.94269     1.4466E+00     5.7472E-01    -5.0653E-02     1.0671E-01     0.0000E+00     2.2329-314     1.1674E-01
    6.05074     1.4561E+00     5.6912E-01     8.7784E-02     8.7742E-02     0.0000E+00     2.2329-314    -3.8021E-02
    6.15879     1.4617E+00     5.6584E-01     5.1885E-02     7.6530E-02     0.0000E+00     2.2329-314    -2.6345E-02
    6.26684     1.4649E+00     5.6400E-01     2.9421E-02     7.0172E-02     0.0000E+00     2.2329-314    -6.6572E-02
    6.37489     1.4612E+00     5.6617E-01    -3.4596E-02     7.7648E-02     0.0000E+00     2.2329-314     9.5645E-02
    6.48294     1.4695E+00     5.6137E-01     7.7020E-02     6.1004E-02     0.0000E+00     2.2329-314    -7.9571E-02
    6.59099     1.4690E+00     5.6166E-01    -4.7468E-03     6.2030E-02     0.0000E+00     2.2329-314     6.4699E-02
    6.69904     1.4766E+00     5.5732E-01     7.0546E-02     4.6785E-02     0.0000E+00     2.2329-314     3.8963E-02
    6.80709     1.4887E+00     5.5052E-01     1.1219E-01     2.2540E-02     0.0000E+00     2.2329-314     7.7016E-02
    6.91514     1.5091E+00     5.3943E-01     1.8833E-01    -1.8158E-02     0.0000E+00     2.2329-314     1.2676E-01
    7.02318     1.5423E+00     5.2211E-01     3.0705E-01    -8.4511E-02     0.0000E+00     2.2329-314     2.8908E-02
    7.13123     1.5756E+00     5.0562E-01     3.0876E-01    -1.5123E-01     0.0000E+00     2.2329-314    -7.2672E-02
    7.23928     1.5970E+00     4.9550E-01     1.9790E-01    -1.9400E-01     0.0000E+00     2.2329-314    -3.2394E-02
    7.34733     1.6112E+00     4.8897E-01     1.3120E-01    -2.2235E-01     0.0000E+00     2.2329-314    -5.8083E-02
    7.45538     1.6154E+00     4.8708E-01     3.8732E-02    -2.3072E-01     0.0000E+00     2.2329-314    -2.6948E-02
    7.56343     1.6135E+00     4.8792E-01    -1.7196E-02    -2.2700E-01     0.0000E+00     2.2329-314     2.6540E-02
    7.67148     1.6120E+00     4.8861E-01    -1.4220E-02    -2.2393E-01     0.0000E+00     2.2329-314    -3.5358E-02
    7.77953     1.6038E+00     4.9233E-01    -7.5220E-02    -2.0768E-01     0.0000E+00     2.2329-314    -5.8165E-02
    7.88758     1.5871E+00     5.0013E-01    -1.5476E-01    -1.7423E-01     0.0000E+00     2.2329-314    -7.3204E-03
    7.99562     1.5684E+00     5.0913E-01    -1.7346E-01    -1.3675E-01     0.0000E+00     2.2329-314     2.7583E-02
    8.10367     1.5521E+00     5.1715E-01    -1.5050E-01    -1.0423E-01     0.0000E+00     2.2329-314    -2.4235E-02
    8.21172     1.5328E+00     5.2697E-01    -1.7896E-01    -6.5552E-02     0.0000E+00     2.2329-314     2.1991E-02
    8.31977     1.5162E+00     5.3561E-01    -1.5310E-01    -3.2468E-02     0.0000E+00     2.2329-314    -4.4449E-02
    8.42782     1.4952E+00     5.4693E-01    -1.9426E-01     9.5115E-03     0.0000E+00     2.2329-314    -6.5334E-02
    8.53587     1.4682E+00     5.6210E-01    -2.5006E-01     6.3549E-02     0.0000E+00     2.2329-314    -3.2816E-02
 
 
    0.10805     2.0000E+00     3.5355E-01     0.0000E+00    -1.0000E+00     0.0000E+00     2.2329-314    -9.7662E-02
    0.21610     1.9774E+00     3.5963E-01    -2.0919E-01    -9.5479E-01     0.0000E+00     2.2329-314     1.8343E-02
    0.32415     1.9463E+00     3.6827E-01    -2.8737E-01    -8.9269E-01     0.0000E+00     2.2329-314     1.1502E-01
    0.43220     1.9186E+00     3.7630E-01    -2.5707E-01    -8.3714E-01     0.0000E+00     2.2329-314     3.0307E-02
    0.54024     1.8853E+00     3.8631E-01    -3.0796E-01    -7.7059E-01     0.0000E+00     2.2329-314     1.5421E-01
    0.64829     1.8612E+00     3.9382E-01    -2.2275E-01    -7.2245E-01     0.0000E+00     2.2329-314     1.4397E-02
    0.75634     1.8312E+00     4.0356E-01    -2.7832E-01    -6.6231E-01     0.0000E+00     2.2329-314     6.5293E-02
    0.86439     1.8017E+00     4.1350E-01    -2.7264E-01    -6.0339E-01     0.0000E+00     2.2329-314    -5.7073E-03
    0.97244     1.7657E+00     4.2621E-01    -3.3313E-01    -5.3140E-01     0.0000E+00     2.2329-314     3.7870E-02
    1.08049     1.7292E+00     4.3978E-01    -3.3798E-01    -4.5837E-01     0.0000E+00     2.2329-314    -6.3402E-02
    1.18854     1.6818E+00     4.5848E-01    -4.3820E-01    -3.6367E-01     0.0000E+00     2.2329-314    -6.8893E-02
    1.29659     1.6247E+00     4.8287E-01    -5.2851E-01    -2.4947E-01     0.0000E+00     2.2329-314     4.7048E-02
    1.40464     1.5728E+00     5.0700E-01    -4.8104E-01    -1.4551E-01     0.0000E+00     2.2329-314    -6.1131E-02
    1.51269     1.5149E+00     5.3632E-01    -5.3539E-01    -2.9816E-02     0.0000E+00     2.2329-314    -2.9920E-02
    1.62073     1.4565E+00     5.6888E-01    -5.4029E-01     8.6940E-02     0.0000E+00     2.2329-314     5.4925E-02
    1.72878     1.4089E+00     5.9798E-01    -4.4089E-01     1.8222E-01     0.0000E+00     2.2329-314     2.6783E-02
    1.83683     1.3696E+00     6.2392E-01    -3.6403E-01     2.6088E-01     0.0000E+00     2.2329-314     4.3427E-02
    1.94488     1.3411E+00     6.4390E-01    -2.6353E-01     3.1783E-01     0.0000E+00     2.2329-314     4.3932E-02
    2.05293     1.3237E+00     6.5665E-01    -1.6122E-01     3.5267E-01     0.0000E+00     2.2329-314    -5.4987E-02
    2.16098     1.3056E+00     6.7036E-01    -1.6764E-01     3.8890E-01     0.0000E+00     2.2329-314     7.2790E-02
    2.26903     1.3022E+00     6.7297E-01    -3.1235E-02     3.9565E-01     0.0000E+00     2.2329-314    -2.2415E-03
    2.37708     1.3038E+00     6.7173E-01     1.4830E-02     3.9244E-01     0.0000E+00     2.2329-314     3.0294E-02
    2.48513     1.3137E+00     6.6412E-01     9.2044E-02     3.7255E-01     0.0000E+00     2.2329-314     4.6300E-02
    2.59318     1.3329E+00     6.4980E-01     1.7793E-01     3.3410E-01     0.0000E+00     2.2329-314     5.1405E-02
    2.70122     1.3608E+00     6.2995E-01     2.5781E-01     2.7839E-01     0.0000E+00     2.2329-314     5.6150E-02
    2.80927     1.3965E+00     6.0597E-01     3.3006E-01     2.0706E-01     0.0000E+00     2.2329-314     5.1035E-03
    2.91732     1.4326E+00     5.8317E-01     3.3473E-01     1.3473E-01     0.0000E+00     2.2329-314    -9.9035E-03
    3.02537     1.4668E+00     5.6293E-01     3.1595E-01     6.6451E-02     0.0000E+00     2.2329-314     7.3181E-02
    3.13342     1.5077E+00     5.4015E-01     3.7912E-01    -1.5475E-02     0.0000E+00     2.2329-314     3.5298E-02
    3.24147     1.5498E+00     5.1828E-01     3.8974E-01    -9.9698E-02     0.0000E+00     2.2329-314    -7.6642E-02
    3.34952     1.5795E+00     5.0375E-01     2.7459E-01    -1.5904E-01     0.0000E+00     2.2329-314    -4.3800E-02
    3.45757     1.6006E+00     4.9383E-01     1.9505E-01    -2.0119E-01     0.0000E+00     2.2329-314     1.3264E-02
    3.56562     1.6195E+00     4.8520E-01     1.7514E-01    -2.3903E-01     0.0000E+00     2.2329-314     8.1449E-02
    3.67367     1.6436E+00     4.7457E-01     2.2300E-01    -2.8722E-01     0.0000E+00     2.2329-314     2.9179E-02
    3.78171     1.6662E+00     4.6496E-01     2.0890E-01    -3.3237E-01     0.0000E+00     2.2329-314    -2.0818E-02
    3.88976     1.6812E+00     4.5874E-01     1.3920E-01    -3.6245E-01     0.0000E+00     2.2329-314     4.1142E-02
    3.99781     1.6957E+00     4.5287E-01     1.3398E-01    -3.9140E-01     0.0000E+00     2.2329-314     6.8933E-03
    4.10586     1.7055E+00     4.4898E-01     9.0612E-02    -4.1098E-01     0.0000E+00     2.2329-314     1.2558E-01
    4.21391     1.7238E+00     4.4184E-01     1.6959E-01    -4.4763E-01     0.0000E+00     2.2329-314     1.3186E-01
    4.32196     1.7505E+00     4.3177E-01     2.4697E-01    -5.0100E-01     0.0000E+00     2.2329-314     9.2126E-03
    4.43001     1.7709E+00     4.2434E-01     1.8868E-01    -5.4177E-01     0.0000E+00     2.2329-314     6.1015E-02
    4.53806     1.7906E+00     4.1736E-01     1.8216E-01    -5.8114E-01     0.0000E+00     2.2329-314     2.4169E-02
    4.64611     1.8050E+00     4.1235E-01     1.3398E-01    -6.1009E-01     0.0000E+00     2.2329-314     3.7222E-02
    4.75416     1.8157E+00     4.0874E-01     9.8370E-02    -6.3135E-01     0.0000E+00     2.2329-314     8.2504E-02
    4.86220     1.8274E+00     4.0481E-01     1.0848E-01    -6.5479E-01     0.0000E+00     2.2329-314    -1.7593E-02
    4.97025     1.8288E+00     4.0434E-01     1.3160E-02    -6.5763E-01     0.0000E+00     2.2329-314     1.6589E-02
    5.07830     1.8242E+00     4.0589E-01    -4.3185E-02    -6.4830E-01     0.0000E+00     2.2329-314    -1.9407E-03
    5.18635     1.8117E+00     4.1007E-01    -1.1496E-01    -6.2346E-01     0.0000E+00     2.2329-314     2.2379E-02
    5.29440     1.7949E+00     4.1586E-01    -1.5588E-01    -5.8977E-01     0.0000E+00     2.2329-314     2.0928E-02
    5.40245     1.7741E+00     4.2320E-01    -1.9269E-01    -5.4813E-01     0.0000E+00     2.2329-314    -6.5436E-02
    5.51050     1.7404E+00     4.3554E-01    -3.1173E-01    -4.8077E-01     0.0000E+00     2.2329-314     1.9747E-02
    5.61855     1.7047E+00     4.4929E-01    -3.3025E-01    -4.0940E-01     0.0000E+00     2.2329-314     2.0605E-02
    5.72660     1.6681E+00     4.6416E-01    -3.3869E-01    -3.3621E-01     0.0000E+00     2.2329-314    -6.2585E-02
    5.83465     1.6223E+00     4.8396E-01    -4.2397E-01    -2.4459E-01     0.0000E+00     2.2329-314     2.4902E-02
    5.94269     1.5787E+00     5.0416E-01    -4.0384E-01    -1.5732E-01     0.0000E+00     2.2329-314     5.8090E-02
    6.05074     1.5420E+00     5.2226E-01    -3.3954E-01    -8.3949E-02     0.0000E+00     2.2329-314    -9.6671E-03
    6.15879     1.5052E+00     5.4150E-01    -3.4013E-01    -1.0447E-02     0.0000E+00     2.2329-314     5.1886E-03
    6.26684     1.4711E+00     5.6047E-01    -3.1620E-01     5.7884E-02     0.0000E+00     2.2329-314     7.5664E-02
    6.37489     1.4482E+00     5.7377E-01    -2.1110E-01     1.0350E-01     0.0000E+00     2.2329-314     4.2424E-02
    6.48294     1.4330E+00     5.8297E-01    -1.4138E-01     1.3406E-01     0.0000E+00     2.2329-314    -5.9729E-02
    6.59099     1.4135E+00     5.9505E-01    -1.8009E-01     1.7297E-01     0.0000E+00     2.2329-314     3.5685E-02
    6.69904     1.4015E+00     6.0268E-01    -1.1073E-01     1.9690E-01     0.0000E+00     2.2329-314    -7.2398E-02
    6.80709     1.3845E+00     6.1383E-01    -1.5758E-01     2.3095E-01     0.0000E+00     2.2329-314     5.0467E-02
    6.91514     1.3773E+00     6.1865E-01    -6.6668E-02     2.4536E-01     0.0000E+00     2.2329-314    -7.9188E-02
    7.02318     1.3645E+00     6.2736E-01    -1.1819E-01     2.7090E-01     0.0000E+00     2.2329-314    -5.5159E-02
    7.13123     1.3497E+00     6.3775E-01    -1.3759E-01     3.0064E-01     0.0000E+00     2.2329-314     6.8529E-02
    7.23928     1.3475E+00     6.3927E-01    -1.9746E-02     3.0490E-01     0.0000E+00     2.2329-314    -3.8733E-02
    7.34733     1.3449E+00     6.4116E-01    -2.4603E-02     3.1022E-01     0.0000E+00     2.2329-314     5.0661E-03
    7.45538     1.3469E+00     6.3974E-01     1.8431E-02     3.0624E-01     0.0000E+00     2.2329-314     1.0137E-01
    7.56343     1.3643E+00     6.2755E-01     1.6093E-01     2.7146E-01     0.0000E+00     2.2329-314     8.6032E-02
    7.67148     1.3937E+00     6.0781E-01     2.7193E-01     2.1270E-01     0.0000E+00     2.2329-314    -2.3482E-02
    7.77953     1.4208E+00     5.9047E-01     2.5133E-01     1.5838E-01     0.0000E+00     2.2329-314     3.2755E-02
    7.88758     1.4517E+00     5.7170E-01     2.8626E-01     9.6524E-02     0.0000E+00     2.2329-314     1.2883E-02
    7.99562     1.4832E+00     5.5360E-01     2.9120E-01     3.3597E-02     0.0000E+00     2.2329-314     5.5354E-02
    8.10367     1.5193E+00     5.3400E-01     3.3389E-01    -3.8557E-02     0.0000E+00     2.2329-314     2.6449E-02
    8.21172     1.5556E+00     5.1542E-01     3.3598E-01    -1.1116E-01     0.0000E+00     2.2329-314    -2.2612E-02
    8.31977     1.5858E+00     5.0077E-01     2.7946E-01    -1.7155E-01     0.0000E+00     2.2329-314     3.3523E-02
    8.42782     1.6159E+00     4.8684E-01     2.7869E-01    -2.3178E-01     0.0000E+00     2.2329-314    -3.9735E-02
    8.53587     1.6370E+00     4.7743E-01     1.9580E-01    -2.7409E-01     0.0000E+00     2.2329-314    -5.5977E-02
 
 
    0.10805     2.0000E+00     3.5355E-01     0.0000E+00    -1.0000E+00     0.0000E+00     2.2329-314     5.3887E-02
    0.21610     1.9940E+00     3.5514E-01    -5.5092E-02    -9.8809E-01     0.0000E+00     2.2329-314     5.3882E-03
    0.32415     1.9772E+00     3.5969E-01    -1.5607E-01    -9.5437E-01     0.0000E+00     2.2329-314    -4.8911E-02
    0.43220     1.9443E+00     3.6886E-01    -3.0468E-01    -8.8853E-01     0.0000E+00     2.2329-314     7.0215E-04
    0.54024     1.9022E+00     3.8118E-01    -3.8968E-01    -8.0432E-01     0.0000E+00     2.2329-314    -2.0081E-02
    0.64829     1.8500E+00     3.9742E-01    -4.8296E-01    -6.9995E-01     0.0000E+00     2.2329-314    -9.6784E-02
    0.75634     1.7809E+00     4.2075E-01    -6.3888E-01    -5.6189E-01     0.0000E+00     2.2329-314    -5.9597E-03
    0.86439     1.7076E+00     4.4817E-01    -6.7927E-01    -4.1511E-01     0.0000E+00     2.2329-314    -4.8085E-02
    0.97244     1.6272E+00     4.8176E-01    -7.4355E-01    -2.5443E-01     0.0000E+00     2.2329-314     8.8584E-02
    1.08049     1.5576E+00     5.1440E-01    -6.4391E-01    -1.1528E-01     0.0000E+00     2.2329-314    -5.4641E-02
    1.18854     1.4842E+00     5.5306E-01    -6.7990E-01     3.1646E-02     0.0000E+00     2.2329-314    -1.3710E-01
    1.29659     1.3997E+00     6.0391E-01    -7.8227E-01     2.0069E-01     0.0000E+00     2.2329-314     4.7588E-02
    1.40464     1.3280E+00     6.5341E-01    -6.6278E-01     3.4392E-01     0.0000E+00     2.2329-314     8.7207E-02
    1.51269     1.2755E+00     6.9421E-01    -4.8644E-01     4.4904E-01     0.0000E+00     2.2329-314    -2.4268E-02
    1.62073     1.2295E+00     7.3350E-01    -4.2545E-01     5.4098E-01     0.0000E+00     2.2329-314    -3.0766E-02
    1.72878     1.1903E+00     7.7001E-01    -3.6254E-01     6.1932E-01     0.0000E+00     2.2329-314    -9.7231E-02
    1.83683     1.1507E+00     8.1012E-01    -3.6671E-01     6.9857E-01     0.0000E+00     2.2329-314    -1.2261E-01
    1.94488     1.1087E+00     8.5656E-01    -3.8853E-01     7.8253E-01     0.0000E+00     2.2329-314     4.5702E-02
    2.05293     1.0867E+00     8.8273E-01    -2.0384E-01     8.2658E-01     0.0000E+00     2.2329-314    -3.7000E-02
    2.16098     1.0735E+00     8.9913E-01    -1.2263E-01     8.5308E-01     0.0000E+00     2.2329-314     1.5285E-01
    2.26903     1.0926E+00     8.7559E-01     1.7723E-01     8.1478E-01     0.0000E+00     2.2329-314    -1.9479E-02
    2.37708     1.1181E+00     8.4587E-01     2.3555E-01     7.6388E-01     0.0000E+00     2.2329-314     1.1496E-02
    2.48513     1.1522E+00     8.0853E-01     3.1611E-01     6.9557E-01     0.0000E+00     2.2329-314    -5.1545E-02
    2.59318     1.1855E+00     7.7473E-01     3.0795E-01     6.2902E-01     0.0000E+00     2.2329-314     4.8262E-02
    2.70122     1.2293E+00     7.3366E-01     4.0582E-01     5.4132E-01     0.0000E+00     2.2329-314     5.1334E-02
    2.80927     1.2820E+00     6.8895E-01     4.8701E-01     4.3608E-01     0.0000E+00     2.2329-314    -1.2966E-01
    2.91732     1.3201E+00     6.5930E-01     3.5315E-01     3.5977E-01     0.0000E+00     2.2329-314    -5.2609E-02
    3.02537     1.3535E+00     6.3506E-01     3.0898E-01     2.9300E-01     0.0000E+00     2.2329-314    -3.0071E-02
    3.13342     1.3844E+00     6.1388E-01     2.8641E-01     2.3110E-01     0.0000E+00     2.2329-314     8.5272E-02
    3.24147     1.4257E+00     5.8740E-01     3.8224E-01     1.4850E-01     0.0000E+00     2.2329-314    -1.0706E-01
    3.34952     1.4537E+00     5.7055E-01     2.5850E-01     9.2641E-02     0.0000E+00     2.2329-314    -1.0718E-02
    3.45757     1.4796E+00     5.5561E-01     2.4015E-01     4.0745E-02     0.0000E+00     2.2329-314     7.5661E-02
    3.56562     1.5130E+00     5.3736E-01     3.0841E-01    -2.5903E-02     0.0000E+00     2.2329-314    -8.4674E-03
    3.67367     1.5429E+00     5.2180E-01     2.7696E-01    -8.5753E-02     0.0000E+00     2.2329-314     9.5349E-02
    3.78171     1.5807E+00     5.0320E-01     3.4974E-01    -1.6133E-01     0.0000E+00     2.2329-314     4.0198E-02
    3.88976     1.6188E+00     4.8554E-01     3.5267E-01    -2.3754E-01     0.0000E+00     2.2329-314    -4.8117E-02
    3.99781     1.6465E+00     4.7334E-01     2.5618E-01    -2.9290E-01     0.0000E+00     2.2329-314    -7.7552E-03
    4.10586     1.6682E+00     4.6411E-01     2.0145E-01    -3.3644E-01     0.0000E+00     2.2329-314     4.3109E-03
    4.21391     1.6853E+00     4.5709E-01     1.5767E-01    -3.7051E-01     0.0000E+00     2.2329-314    -2.1348E-03
    4.32196     1.6967E+00     4.5247E-01     1.0598E-01    -3.9341E-01     0.0000E+00     2.2329-314    -5.0912E-02
    4.43001     1.6972E+00     4.5229E-01     4.2875E-03    -3.9434E-01     0.0000E+00     2.2329-314     7.6413E-02
    4.53806     1.7014E+00     4.5061E-01     3.8865E-02    -4.0273E-01     0.0000E+00     2.2329-314     6.7711E-02
    4.64611     1.7080E+00     4.4797E-01     6.1795E-02    -4.1609E-01     0.0000E+00     2.2329-314    -6.0995E-02
    4.75416     1.7026E+00     4.5012E-01    -5.0435E-02    -4.0519E-01     0.0000E+00     2.2329-314     1.3265E-03
    4.86220     1.6927E+00     4.5408E-01    -9.1686E-02    -3.8538E-01     0.0000E+00     2.2329-314     8.4174E-03
    4.97025     1.6796E+00     4.5941E-01    -1.2137E-01    -3.5915E-01     0.0000E+00     2.2329-314    -1.2417E-01
    5.07830     1.6490E+00     4.7227E-01    -2.8339E-01    -2.9791E-01     0.0000E+00     2.2329-314    -1.3761E-02
    5.18635     1.6148E+00     4.8735E-01    -3.1648E-01    -2.2952E-01     0.0000E+00     2.2329-314     3.6451E-02
    5.29440     1.5837E+00     5.0177E-01    -2.8786E-01    -1.6731E-01     0.0000E+00     2.2329-314    -2.7091E-02
    5.40245     1.5492E+00     5.1863E-01    -3.1925E-01    -9.8323E-02     0.0000E+00     2.2329-314    -1.1383E-02
    5.51050     1.5141E+00     5.3674E-01    -3.2443E-01    -2.8213E-02     0.0000E+00     2.2329-314     6.0401E-02
    5.61855     1.4875E+00     5.5118E-01    -2.4580E-01     2.4903E-02     0.0000E+00     2.2329-314     7.4627E-02
    5.72660     1.4713E+00     5.6031E-01    -1.5001E-01     5.7320E-02     0.0000E+00     2.2329-314    -2.4599E-02
    5.83465     1.4540E+00     5.7034E-01    -1.6012E-01     9.1921E-02     0.0000E+00     2.2329-314     8.7440E-02
    5.94269     1.4489E+00     5.7338E-01    -4.7527E-02     1.0219E-01     0.0000E+00     2.2329-314    -7.2307E-02
    6.05074     1.4371E+00     5.8045E-01    -1.0910E-01     1.2577E-01     0.0000E+00     2.2329-314    -3.0707E-02
    6.15879     1.4241E+00     5.8840E-01    -1.2017E-01     1.5174E-01     0.0000E+00     2.2329-314     7.2718E-02
    6.26684     1.4222E+00     5.8962E-01    -1.8114E-02     1.5565E-01     0.0000E+00     2.2329-314    -5.8798E-02
    6.37489     1.4155E+00     5.9377E-01    -6.1391E-02     1.6892E-01     0.0000E+00     2.2329-314     1.6371E-02
    6.48294     1.4133E+00     5.9518E-01    -2.0697E-02     1.7339E-01     0.0000E+00     2.2329-314    -8.4826E-02
    6.59099     1.4036E+00     6.0133E-01    -8.9385E-02     1.9271E-01     0.0000E+00     2.2329-314    -9.8214E-02
    6.69904     1.3858E+00     6.1301E-01    -1.6551E-01     2.2847E-01     0.0000E+00     2.2329-314    -5.5031E-02
    6.80709     1.3656E+00     6.2663E-01    -1.8661E-01     2.6880E-01     0.0000E+00     2.2329-314    -3.6026E-02
    6.91514     1.3460E+00     6.4036E-01    -1.8120E-01     3.0796E-01     0.0000E+00     2.2329-314    -6.8494E-02
    7.02318     1.3238E+00     6.5658E-01    -2.0613E-01     3.5250E-01     0.0000E+00     2.2329-314    -4.2183E-02
    7.13123     1.3026E+00     6.7263E-01    -1.9567E-01     3.9478E-01     0.0000E+00     2.2329-314    -1.3270E-02
    7.23928     1.2865E+00     6.8533E-01    -1.4941E-01     4.2707E-01     0.0000E+00     2.2329-314     6.3636E-02
    7.34733     1.2844E+00     6.8698E-01    -1.8975E-02     4.3117E-01     0.0000E+00     2.2329-314    -7.0483E-02
    7.45538     1.2797E+00     6.9077E-01    -4.3519E-02     4.4057E-01     0.0000E+00     2.2329-314    -3.4958E-02
    7.56343     1.2769E+00     6.9309E-01    -2.6446E-02     4.4629E-01     0.0000E+00     2.2329-314    -6.5930E-02
    7.67148     1.2721E+00     6.9695E-01    -4.3700E-02     4.5573E-01     0.0000E+00     2.2329-314     9.5963E-02
    7.77953     1.2848E+00     6.8663E-01     1.1765E-01     4.3031E-01     0.0000E+00     2.2329-314     1.0951E-01
    7.88758     1.3148E+00     6.6332E-01     2.7696E-01     3.7046E-01     0.0000E+00     2.2329-314    -5.0686E-02
    7.99562     1.3410E+00     6.4397E-01     2.4259E-01     3.1804E-01     0.0000E+00     2.2329-314     4.3529E-02
    8.10367     1.3741E+00     6.2080E-01     3.0692E-01     2.5171E-01     0.0000E+00     2.2329-314    -1.8618E-02
    8.21172     1.4058E+00     5.9997E-01     2.9266E-01     1.8847E-01     0.0000E+00     2.2329-314    -2.5377E-02
    8.31977     1.4345E+00     5.8203E-01     2.6602E-01     1.3098E-01     0.0000E+00     2.2329-314    -1.0891E-01
    8.42782     1.4504E+00     5.7247E-01     1.4737E-01     9.9138E-02     0.0000E+00     2.2329-314     7.7776E-03
    8.53587     1.4674E+00     5.6258E-01     1.5692E-01     6.5227E-02     0.0000E+00     2.2329-314     3.1087E-02
 
 
    0.10805     2.0000E+00     3.5355E-01     0.0000E+00    -1.0000E+00     0.0000E+00     2.2329-314    -2.9727E-03
    0.21610     1.9878E+00     3.5681E-01    -1.1291E-01    -9.7560E-01     0.0000E+00     2.2329-314     6.9959E-02
    0.32415     1.9722E+00     3.6106E-01    -1.4460E-01    -9.4435E-01     0.0000E+00     2.2329-314     6.3959E-02
    0.43220     1.9530E+00     3.6640E-01    -1.7768E-01    -9.0596E-01     0.0000E+00     2.2329-314     8.1085E-03
    0.54024     1.9247E+00     3.7451E-01    -2.6206E-01    -8.4933E-01     0.0000E+00     2.2329-314     2.7398E-02
    0.64829     1.8904E+00     3.8474E-01    -3.1709E-01    -7.8080E-01     0.0000E+00     2.2329-314    -2.5103E-02
    0.75634     1.8455E+00     3.9887E-01    -4.1571E-01    -6.9097E-01     0.0000E+00     2.2329-314    -5.9145E-03
    0.86439     1.7936E+00     4.1631E-01    -4.8044E-01    -5.8715E-01     0.0000E+00     2.2329-314    -1.1840E-01
    0.97244     1.7238E+00     4.4184E-01    -6.4565E-01    -4.4762E-01     0.0000E+00     2.2329-314    -1.4790E-02
    1.08049     1.6502E+00     4.7172E-01    -6.8104E-01    -3.0045E-01     0.0000E+00     2.2329-314    -1.6825E-02
    1.18854     1.5747E+00     5.0606E-01    -6.9901E-01    -1.4940E-01     0.0000E+00     2.2329-314     9.7953E-02
    1.29659     1.5122E+00     5.3773E-01    -5.7799E-01    -2.4496E-02     0.0000E+00     2.2329-314     4.5624E-02
    1.40464     1.4581E+00     5.6796E-01    -5.0104E-01     8.3779E-02     0.0000E+00     2.2329-314     5.5011E-03
    1.51269     1.4088E+00     5.9802E-01    -4.5618E-01     1.8236E-01     0.0000E+00     2.2329-314    -3.2970E-03
    1.62073     1.3645E+00     6.2740E-01    -4.1031E-01     2.7103E-01     0.0000E+00     2.2329-314     6.6696E-02
    1.72878     1.3341E+00     6.4892E-01    -2.8079E-01     3.3170E-01     0.0000E+00     2.2329-314    -4.4590E-02
    1.83683     1.3049E+00     6.7085E-01    -2.7048E-01     3.9016E-01     0.0000E+00     2.2329-314    -6.3215E-03
    1.94488     1.2820E+00     6.8892E-01    -2.1211E-01     4.3599E-01     0.0000E+00     2.2329-314    -6.9744E-02
    2.05293     1.2582E+00     7.0858E-01    -2.2059E-01     4.8366E-01     0.0000E+00     2.2329-314    -4.7057E-02
    2.16098     1.2368E+00     7.2702E-01    -1.9771E-01     5.2639E-01     0.0000E+00     2.2329-314     5.6257E-02
    2.26903     1.2306E+00     7.3254E-01    -5.7569E-02     5.3883E-01     0.0000E+00     2.2329-314    -3.0702E-02
    2.37708     1.2281E+00     7.3472E-01    -2.2556E-02     5.4370E-01     0.0000E+00     2.2329-314    -6.3930E-02
    2.48513     1.2253E+00     7.3730E-01    -2.6485E-02     5.4942E-01     0.0000E+00     2.2329-314     6.4658E-02
    2.59318     1.2374E+00     7.2649E-01     1.1224E-01     5.2517E-01     0.0000E+00     2.2329-314    -4.4099E-02
    2.70122     1.2499E+00     7.1559E-01     1.1597E-01     5.0011E-01     0.0000E+00     2.2329-314     8.1749E-02
    2.80927     1.2774E+00     6.9263E-01     2.5423E-01     4.4517E-01     0.0000E+00     2.2329-314     2.6583E-02
    2.91732     1.3113E+00     6.6599E-01     3.1323E-01     3.7748E-01     0.0000E+00     2.2329-314    -5.5717E-02
    3.02537     1.3405E+00     6.4429E-01     2.7092E-01     3.1893E-01     0.0000E+00     2.2329-314     6.2884E-02
    3.13342     1.3788E+00     6.1769E-01     3.5375E-01     2.4249E-01     0.0000E+00     2.2329-314     6.1491E-03
    3.24147     1.4178E+00     5.9236E-01     3.6118E-01     1.6444E-01     0.0000E+00     2.2329-314     8.5174E-03
    3.34952     1.4570E+00     5.6862E-01     3.6281E-01     8.6036E-02     0.0000E+00     2.2329-314     3.4256E-02
    3.45757     1.4984E+00     5.4518E-01     3.8368E-01     3.1244E-03     0.0000E+00     2.2329-314     3.2246E-02
    3.56562     1.5409E+00     5.2282E-01     3.9265E-01    -8.1727E-02     0.0000E+00     2.2329-314     1.8735E-02
    3.67367     1.5818E+00     5.0268E-01     3.7848E-01    -1.6352E-01     0.0000E+00     2.2329-314     2.3816E-03
    3.78171     1.6185E+00     4.8566E-01     3.4011E-01    -2.3701E-01     0.0000E+00     2.2329-314    -8.8732E-02
    3.88976     1.6404E+00     4.7598E-01     2.0234E-01    -2.8074E-01     0.0000E+00     2.2329-314    -2.1282E-02
    3.99781     1.6553E+00     4.6957E-01     1.3789E-01    -3.1054E-01     0.0000E+00     2.2329-314    -2.5806E-02
    4.10586     1.6627E+00     4.6640E-01     6.9172E-02    -3.2548E-01     0.0000E+00     2.2329-314    -4.2572E-02
    4.21391     1.6611E+00     4.6708E-01    -1.4777E-02    -3.2229E-01     0.0000E+00     2.2329-314     1.4109E-02
    4.32196     1.6573E+00     4.6870E-01    -3.5443E-02    -3.1463E-01     0.0000E+00     2.2329-314     7.8042E-03
    4.43001     1.6508E+00     4.7149E-01    -6.0695E-02    -3.0152E-01     0.0000E+00     2.2329-314     1.7564E-02
    4.53806     1.6429E+00     4.7490E-01    -7.3082E-02    -2.8572E-01     0.0000E+00     2.2329-314     4.8519E-03
    4.64611     1.6325E+00     4.7944E-01    -9.6189E-02    -2.6494E-01     0.0000E+00     2.2329-314    -3.2782E-02
    4.75416     1.6158E+00     4.8690E-01    -1.5469E-01    -2.3151E-01     0.0000E+00     2.2329-314    -8.0596E-02
    4.86220     1.5881E+00     4.9967E-01    -2.5590E-01    -1.7621E-01     0.0000E+00     2.2329-314    -3.0321E-02
    4.97025     1.5564E+00     5.1501E-01    -2.9335E-01    -1.1282E-01     0.0000E+00     2.2329-314    -2.7641E-02
    5.07830     1.5220E+00     5.3258E-01    -3.1858E-01    -4.3972E-02     0.0000E+00     2.2329-314     5.9207E-02
    5.18635     1.4957E+00     5.4669E-01    -2.4349E-01     8.6453E-03     0.0000E+00     2.2329-314     1.2689E-01
    5.29440     1.4854E+00     5.5237E-01    -9.5096E-02     2.9195E-02     0.0000E+00     2.2329-314    -9.3475E-02
    5.40245     1.4655E+00     5.6366E-01    -1.8407E-01     6.8973E-02     0.0000E+00     2.2329-314    -2.3528E-02
    5.51050     1.4450E+00     5.7569E-01    -1.8962E-01     1.0995E-01     0.0000E+00     2.2329-314    -9.9089E-02
    5.61855     1.4159E+00     5.9355E-01    -2.6964E-01     1.6822E-01     0.0000E+00     2.2329-314     7.5121E-02
    5.72660     1.3993E+00     6.0414E-01    -1.5355E-01     2.0140E-01     0.0000E+00     2.2329-314    -1.0428E-03
    5.83465     1.3862E+00     6.1273E-01    -1.2133E-01     2.2762E-01     0.0000E+00     2.2329-314    -5.2394E-02
    5.94269     1.3708E+00     6.2309E-01    -1.4266E-01     2.5845E-01     0.0000E+00     2.2329-314    -1.6629E-01
    6.05074     1.3405E+00     6.4433E-01    -2.8036E-01     3.1903E-01     0.0000E+00     2.2329-314     8.4649E-02
    6.15879     1.3261E+00     6.5484E-01    -1.3312E-01     3.4780E-01     0.0000E+00     2.2329-314    -5.5791E-03
    6.26684     1.3165E+00     6.6203E-01    -8.9022E-02     3.6704E-01     0.0000E+00     2.2329-314    -3.5335E-02
    6.37489     1.3081E+00     6.6842E-01    -7.7774E-02     3.8385E-01     0.0000E+00     2.2329-314    -5.9725E-02
    6.48294     1.2982E+00     6.7608E-01    -9.1648E-02     4.0365E-01     0.0000E+00     2.2329-314     8.8648E-03
    6.59099     1.2952E+00     6.7845E-01    -2.7957E-02     4.0969E-01     0.0000E+00     2.2329-314    -3.5587E-02
    6.69904     1.2934E+00     6.7985E-01    -1.6502E-02     4.1326E-01     0.0000E+00     2.2329-314    -1.1780E-01
    6.80709     1.2832E+00     6.8799E-01    -9.4521E-02     4.3368E-01     0.0000E+00     2.2329-314    -1.7632E-02
    6.91514     1.2772E+00     6.9284E-01    -5.5510E-02     4.4568E-01     0.0000E+00     2.2329-314     1.5521E-02
    7.02318     1.2791E+00     6.9126E-01     1.7979E-02     4.4179E-01     0.0000E+00     2.2329-314     1.7247E-02
    7.13123     1.2885E+00     6.8372E-01     8.6940E-02     4.2301E-01     0.0000E+00     2.2329-314     5.6107E-02
    7.23928     1.3090E+00     6.6769E-01     1.9002E-01     3.8194E-01     0.0000E+00     2.2329-314    -4.6181E-02
    7.34733     1.3273E+00     6.5395E-01     1.6914E-01     3.4539E-01     0.0000E+00     2.2329-314    -6.2030E-02
    7.45538     1.3413E+00     6.4377E-01     1.2913E-01     3.1749E-01     0.0000E+00     2.2329-314    -2.4017E-02
    7.56343     1.3553E+00     6.3378E-01     1.3014E-01     2.8936E-01     0.0000E+00     2.2329-314    -2.3458E-02
    7.67148     1.3692E+00     6.2416E-01     1.2859E-01     2.6158E-01     0.0000E+00     2.2329-314    -1.0649E-02
    7.77953     1.3841E+00     6.1411E-01     1.3778E-01     2.3180E-01     0.0000E+00     2.2329-314     3.9337E-02
    7.88758     1.4053E+00     6.0027E-01     1.9619E-01     1.8941E-01     0.0000E+00     2.2329-314    -6.6683E-02
    7.99562     1.4197E+00     5.9117E-01     1.3309E-01     1.6065E-01     0.0000E+00     2.2329-314    -6.3370E-04
    8.10367     1.4350E+00     5.8175E-01     1.4148E-01     1.3007E-01     0.0000E+00     2.2329-314     7.2177E-02
    8.21172     1.4590E+00     5.6741E-01     2.2283E-01     8.1920E-02     0.0000E+00     2.2329-314    -2.0218E-02
    8.31977     1.4802E+00     5.5529E-01     1.9587E-01     3.9594E-02     0.0000E+00     2.2329-314    -7.0307E-02
    8.42782     1.4925E+00     5.4844E-01     1.1374E-01     1.5015E-02     0.0000E+00     2.2329-314     7.0403E-02
    8.53587     1.5122E+00     5.3778E-01     1.8199E-01    -2.4313E-02     0.0000E+00     2.2329-314     1.0291E-01
