BEHD @ YYE. Sim. done on 2023-10-28   12h45
### Sim. w/ κ =    0.300 ; and ∆_0 =  2.00; T =    2.98E+05
 ## r =  1.00E-06 ; rhosty =  1.05E+03 ; rhosol =  1.00E+03
 ## k =  2.00 ; ∆_eq =  2.00 ; num_particle =      10
  Time        Position ∆        γ_z        Veloctiy ∆        Fz total        electro î        spurious        Noise z
 
 
    0.10805     2.0000E+00     3.5355E-01     0.0000E+00    -1.0000E+00     0.0000E+00     2.2329-314     1.1213E-01
    0.21610     2.0005E+00     3.5343E-01     4.2393E-03    -1.0009E+00     0.0000E+00     2.2329-314     1.1028E-02
    0.32415     1.9898E+00     3.5626E-01    -9.8184E-02    -9.7970E-01     0.0000E+00     2.2329-314    -1.6554E-02
    0.43220     1.9657E+00     3.6284E-01    -2.2327E-01    -9.3145E-01     0.0000E+00     2.2329-314     9.6525E-03
    0.54024     1.9322E+00     3.7233E-01    -3.1058E-01    -8.6433E-01     0.0000E+00     2.2329-314    -1.3781E-03
    0.64829     1.8891E+00     3.8514E-01    -3.9871E-01    -7.7817E-01     0.0000E+00     2.2329-314    -5.0106E-02
    0.75634     1.8323E+00     4.0319E-01    -5.2563E-01    -6.6459E-01     0.0000E+00     2.2329-314     4.1195E-02
    0.86439     1.7742E+00     4.2314E-01    -5.3729E-01    -5.4848E-01     0.0000E+00     2.2329-314    -4.2983E-03
    0.97244     1.7112E+00     4.4674E-01    -5.8360E-01    -4.2236E-01     0.0000E+00     2.2329-314    -1.2650E-02
    1.08049     1.6439E+00     4.7443E-01    -6.2232E-01    -2.8788E-01     0.0000E+00     2.2329-314    -6.0876E-02
    1.18854     1.5686E+00     5.0900E-01    -6.9694E-01    -1.3727E-01     0.0000E+00     2.2329-314    -9.7376E-03
    1.29659     1.4937E+00     5.4780E-01    -6.9390E-01     1.2675E-02     0.0000E+00     2.2329-314    -6.2918E-02
    1.40464     1.4144E+00     5.9448E-01    -7.3353E-01     1.7119E-01     0.0000E+00     2.2329-314    -7.1822E-02
    1.51269     1.3318E+00     6.5063E-01    -7.6443E-01     3.3638E-01     0.0000E+00     2.2329-314     3.3902E-02
    1.62073     1.2623E+00     7.0510E-01    -6.4322E-01     4.7538E-01     0.0000E+00     2.2329-314    -3.2528E-02
    1.72878     1.1989E+00     7.6173E-01    -5.8646E-01     6.0211E-01     0.0000E+00     2.2329-314     1.5041E-01
    1.83683     1.1721E+00     7.8807E-01    -2.4860E-01     6.5583E-01     0.0000E+00     2.2329-314     1.3497E-01
    1.94488     1.1805E+00     7.7967E-01     7.7730E-02     6.3904E-01     0.0000E+00     2.2329-314    -1.9181E-02
    2.05293     1.1955E+00     7.6502E-01     1.3908E-01     6.0898E-01     0.0000E+00     2.2329-314     1.6385E-02
    2.16098     1.2211E+00     7.4107E-01     2.3707E-01     5.5775E-01     0.0000E+00     2.2329-314    -1.2072E-01
    2.26903     1.2341E+00     7.2937E-01     1.2052E-01     5.3171E-01     0.0000E+00     2.2329-314    -8.5886E-03
    2.37708     1.2528E+00     7.1318E-01     1.7226E-01     4.9448E-01     0.0000E+00     2.2329-314     2.3731E-02
    2.48513     1.2803E+00     6.9029E-01     2.5488E-01     4.3940E-01     0.0000E+00     2.2329-314    -7.1232E-03
    2.59318     1.3103E+00     6.6674E-01     2.7744E-01     3.7945E-01     0.0000E+00     2.2329-314     8.6434E-02
    2.70122     1.3545E+00     6.3435E-01     4.0940E-01     2.9098E-01     0.0000E+00     2.2329-314     1.1735E-02
    2.80927     1.3997E+00     6.0385E-01     4.1868E-01     2.0051E-01     0.0000E+00     2.2329-314     6.8119E-02
    2.91732     1.4523E+00     5.7140E-01     4.8593E-01     9.5496E-02     0.0000E+00     2.2329-314    -8.1559E-03
    3.02537     1.5002E+00     5.4421E-01     4.4395E-01    -4.4015E-04     0.0000E+00     2.2329-314     1.5475E-02
    3.13342     1.5462E+00     5.2014E-01     4.2509E-01    -9.2301E-02     0.0000E+00     2.2329-314     7.1592E-02
    3.24147     1.5962E+00     4.9589E-01     4.6294E-01    -1.9234E-01     0.0000E+00     2.2329-314     4.9508E-02
    3.34952     1.6461E+00     4.7349E-01     4.6218E-01    -2.9222E-01     0.0000E+00     2.2329-314     5.4184E-02
    3.45757     1.6954E+00     4.5298E-01     4.5660E-01    -3.9089E-01     0.0000E+00     2.2329-314    -6.9425E-02
    3.56562     1.7285E+00     4.4005E-01     3.0581E-01    -4.5697E-01     0.0000E+00     2.2329-314     2.7118E-02
    3.67367     1.7570E+00     4.2937E-01     2.6410E-01    -5.1404E-01     0.0000E+00     2.2329-314    -2.4986E-02
    3.78171     1.7746E+00     4.2302E-01     1.6232E-01    -5.4912E-01     0.0000E+00     2.2329-314    -4.1230E-02
    3.88976     1.7794E+00     4.2129E-01     4.5042E-02    -5.5885E-01     0.0000E+00     2.2329-314    -1.9552E-02
    3.99781     1.7747E+00     4.2297E-01    -4.3703E-02    -5.4941E-01     0.0000E+00     2.2329-314    -1.4670E-02
    4.10586     1.7615E+00     4.2772E-01    -1.2175E-01    -5.2310E-01     0.0000E+00     2.2329-314     5.6578E-02
    4.21391     1.7490E+00     4.3232E-01    -1.1591E-01    -4.9805E-01     0.0000E+00     2.2329-314     4.5586E-02
    4.32196     1.7361E+00     4.3714E-01    -1.1927E-01    -4.7228E-01     0.0000E+00     2.2329-314     6.5044E-03
    4.43001     1.7186E+00     4.4384E-01    -1.6195E-01    -4.3728E-01     0.0000E+00     2.2329-314     6.0075E-03
    4.53806     1.6971E+00     4.5230E-01    -1.9906E-01    -3.9426E-01     0.0000E+00     2.2329-314    -2.5314E-02
    4.64611     1.6686E+00     4.6393E-01    -2.6370E-01    -3.3728E-01     0.0000E+00     2.2329-314    -3.9024E-02
    4.75416     1.6326E+00     4.7939E-01    -3.3382E-01    -2.6514E-01     0.0000E+00     2.2329-314    -8.1347E-03
    4.86220     1.5939E+00     4.9695E-01    -3.5799E-01    -1.8778E-01     0.0000E+00     2.2329-314    -5.0982E-02
    4.97025     1.5485E+00     5.1894E-01    -4.1966E-01    -9.7092E-02     0.0000E+00     2.2329-314     1.5449E-02
    5.07830     1.5062E+00     5.4099E-01    -3.9219E-01    -1.2340E-02     0.0000E+00     2.2329-314     6.9387E-02
    5.18635     1.4746E+00     5.5845E-01    -2.9215E-01     5.0792E-02     0.0000E+00     2.2329-314     7.4999E-02
    5.29440     1.4551E+00     5.6973E-01    -1.8069E-01     8.9839E-02     0.0000E+00     2.2329-314     3.7138E-02
    5.40245     1.4428E+00     5.7703E-01    -1.1389E-01     1.1445E-01     0.0000E+00     2.2329-314    -3.6509E-02
    5.51050     1.4282E+00     5.8589E-01    -1.3489E-01     1.4360E-01     0.0000E+00     2.2329-314     1.5414E-01
    5.61855     1.4365E+00     5.8083E-01     7.6585E-02     1.2705E-01     0.0000E+00     2.2329-314    -4.1218E-02
    5.72660     1.4405E+00     5.7837E-01     3.7666E-02     1.1891E-01     0.0000E+00     2.2329-314     6.9468E-02
    5.83465     1.4548E+00     5.6988E-01     1.3213E-01     9.0356E-02     0.0000E+00     2.2329-314     2.3017E-02
    5.94269     1.4721E+00     5.5986E-01     1.6023E-01     5.5730E-02     0.0000E+00     2.2329-314    -6.8777E-02
    6.05074     1.4802E+00     5.5531E-01     7.4297E-02     3.9674E-02     0.0000E+00     2.2329-314    -4.4517E-02
    6.15879     1.4825E+00     5.5399E-01     2.1726E-02     3.4979E-02     0.0000E+00     2.2329-314     7.7060E-02
    6.26684     1.4948E+00     5.4715E-01     1.1413E-01     1.0317E-02     0.0000E+00     2.2329-314    -3.7387E-02
    6.37489     1.5017E+00     5.4340E-01     6.3565E-02    -3.4197E-03     0.0000E+00     2.2329-314     4.9750E-02
    6.48294     1.5142E+00     5.3667E-01     1.1600E-01    -2.8487E-02     0.0000E+00     2.2329-314     8.5451E-02
    6.59099     1.5361E+00     5.2525E-01     2.0247E-01    -7.2241E-02     0.0000E+00     2.2329-314    -2.2377E-02
    6.69904     1.5527E+00     5.1685E-01     1.5347E-01    -1.0540E-01     0.0000E+00     2.2329-314    -4.7343E-02
    6.80709     1.5609E+00     5.1278E-01     7.6102E-02    -1.2185E-01     0.0000E+00     2.2329-314    -1.2334E-01
    6.91514     1.5519E+00     5.1727E-01    -8.3864E-02    -1.0373E-01     0.0000E+00     2.2329-314    -3.6701E-02
    7.02318     1.5374E+00     5.2457E-01    -1.3342E-01    -7.4896E-02     0.0000E+00     2.2329-314    -7.0935E-02
    7.13123     1.5141E+00     5.3673E-01    -2.1579E-01    -2.8264E-02     0.0000E+00     2.2329-314    -7.5063E-05
    7.23928     1.4918E+00     5.4882E-01    -2.0663E-01     1.6387E-02     0.0000E+00     2.2329-314     1.7761E-02
    7.34733     1.4733E+00     5.5920E-01    -1.7137E-01     5.3420E-02     0.0000E+00     2.2329-314    -4.0302E-02
    7.45538     1.4516E+00     5.7179E-01    -2.0094E-01     9.6842E-02     0.0000E+00     2.2329-314    -2.3701E-02
    7.56343     1.4296E+00     5.8505E-01    -2.0372E-01     1.4086E-01     0.0000E+00     2.2329-314    -6.2832E-02
    7.67148     1.4029E+00     6.0183E-01    -2.4713E-01     1.9427E-01     0.0000E+00     2.2329-314    -6.3904E-02
    7.77953     1.3723E+00     6.2203E-01    -2.8265E-01     2.5535E-01     0.0000E+00     2.2329-314     3.4983E-02
    7.88758     1.3521E+00     6.3602E-01    -1.8690E-01     2.9574E-01     0.0000E+00     2.2329-314     3.1957E-03
    7.99562     1.3381E+00     6.4603E-01    -1.2958E-01     3.2374E-01     0.0000E+00     2.2329-314    -1.4993E-02
    8.10367     1.3279E+00     6.5350E-01    -9.4605E-02     3.4418E-01     0.0000E+00     2.2329-314     1.1105E-02
    8.21172     1.3251E+00     6.5560E-01    -2.6196E-02     3.4984E-01     0.0000E+00     2.2329-314    -1.5664E-02
    8.31977     1.3255E+00     6.5531E-01     3.6199E-03     3.4906E-01     0.0000E+00     2.2329-314    -2.4298E-02
    8.42782     1.3276E+00     6.5373E-01     1.9763E-02     3.4479E-01     0.0000E+00     2.2329-314    -4.4150E-02
    8.53587     1.3286E+00     6.5303E-01     8.7542E-03     3.4290E-01     0.0000E+00     2.2329-314    -2.9426E-02
 
 
    0.10805     2.0000E+00     3.5355E-01     0.0000E+00    -1.0000E+00     0.0000E+00     2.2329-314    -9.7049E-03
    0.21610     1.9866E+00     3.5714E-01    -1.2397E-01    -9.7321E-01     0.0000E+00     2.2329-314    -3.6838E-02
    0.32415     1.9576E+00     3.6511E-01    -2.6872E-01    -9.1514E-01     0.0000E+00     2.2329-314    -1.5330E-02
    0.43220     1.9166E+00     3.7687E-01    -3.7889E-01    -8.3326E-01     0.0000E+00     2.2329-314    -1.1338E-01
    0.54024     1.8540E+00     3.9613E-01    -5.7984E-01    -7.0796E-01     0.0000E+00     2.2329-314     6.7039E-05
    0.64829     1.7849E+00     4.1934E-01    -6.3891E-01    -5.6989E-01     0.0000E+00     2.2329-314    -4.4113E-02
    0.75634     1.7063E+00     4.4864E-01    -7.2742E-01    -4.1270E-01     0.0000E+00     2.2329-314    -4.9137E-02
    0.86439     1.6199E+00     4.8505E-01    -8.0046E-01    -2.3972E-01     0.0000E+00     2.2329-314     3.5172E-02
    0.97244     1.5380E+00     5.2427E-01    -7.5734E-01    -7.6059E-02     0.0000E+00     2.2329-314    -5.3329E-02
    1.08049     1.4521E+00     5.7146E-01    -7.9493E-01     9.5724E-02     0.0000E+00     2.2329-314     2.2419E-02
    1.18854     1.3741E+00     6.2084E-01    -7.2234E-01     2.5182E-01     0.0000E+00     2.2329-314    -7.5101E-03
    1.29659     1.3022E+00     6.7294E-01    -6.6519E-01     3.9557E-01     0.0000E+00     2.2329-314     2.1243E-02
    1.40464     1.2427E+00     7.2184E-01    -5.5067E-01     5.1457E-01     0.0000E+00     2.2329-314    -7.7006E-03
    1.51269     1.1936E+00     7.6685E-01    -4.5454E-01     6.1279E-01     0.0000E+00     2.2329-314    -8.3905E-02
    1.62073     1.1450E+00     8.1617E-01    -4.4970E-01     7.0997E-01     0.0000E+00     2.2329-314    -2.7721E-02
    1.72878     1.1079E+00     8.5753E-01    -3.4354E-01     7.8421E-01     0.0000E+00     2.2329-314    -9.7918E-02
    1.83683     1.0716E+00     9.0143E-01    -3.3563E-01     8.5674E-01     0.0000E+00     2.2329-314     3.0497E-02
    1.94488     1.0625E+00     9.1308E-01    -8.4542E-02     8.7501E-01     0.0000E+00     2.2329-314     6.4574E-02
    2.05293     1.0861E+00     8.8352E-01     2.1809E-01     8.2788E-01     0.0000E+00     2.2329-314     2.5631E-02
    2.16098     1.1259E+00     8.3701E-01     3.6900E-01     7.4814E-01     0.0000E+00     2.2329-314     1.1637E-01
    2.26903     1.1914E+00     7.6893E-01     6.0633E-01     6.1711E-01     0.0000E+00     2.2329-314    -3.8655E-02
    2.37708     1.2489E+00     7.1645E-01     5.3220E-01     5.0210E-01     0.0000E+00     2.2329-314     2.4826E-02
    2.48513     1.3093E+00     6.6748E-01     5.5862E-01     3.8139E-01     0.0000E+00     2.2329-314    -1.3187E-01
    2.59318     1.3493E+00     6.3802E-01     3.7017E-01     3.0139E-01     0.0000E+00     2.2329-314     9.8512E-02
    2.70122     1.4026E+00     6.0198E-01     4.9364E-01     1.9472E-01     0.0000E+00     2.2329-314     4.8861E-02
    2.80927     1.4597E+00     5.6703E-01     5.2800E-01     8.0618E-02     0.0000E+00     2.2329-314     5.4230E-02
    2.91732     1.5195E+00     5.3389E-01     5.5352E-01    -3.8997E-02     0.0000E+00     2.2329-314     3.7916E-03
    3.02537     1.5743E+00     5.0627E-01     5.0698E-01    -1.4855E-01     0.0000E+00     2.2329-314     3.4367E-02
    3.13342     1.6272E+00     4.8177E-01     4.8974E-01    -2.5439E-01     0.0000E+00     2.2329-314    -9.6970E-02
    3.24147     1.6615E+00     4.6693E-01     3.1745E-01    -3.2299E-01     0.0000E+00     2.2329-314     4.3135E-02
    3.34952     1.6946E+00     4.5330E-01     3.0678E-01    -3.8928E-01     0.0000E+00     2.2329-314     2.4339E-02
    3.45757     1.7237E+00     4.4188E-01     2.6908E-01    -4.4743E-01     0.0000E+00     2.2329-314     1.7334E-02
    3.56562     1.7475E+00     4.3289E-01     2.1994E-01    -4.9496E-01     0.0000E+00     2.2329-314    -4.5657E-03
    3.67367     1.7631E+00     4.2714E-01     1.4485E-01    -5.2626E-01     0.0000E+00     2.2329-314     3.2880E-02
    3.78171     1.7751E+00     4.2281E-01     1.1121E-01    -5.5029E-01     0.0000E+00     2.2329-314     4.9962E-02
    3.88976     1.7854E+00     4.1917E-01     9.5170E-02    -5.7086E-01     0.0000E+00     2.2329-314     4.3439E-03
    3.99781     1.7885E+00     4.1809E-01     2.8379E-02    -5.7699E-01     0.0000E+00     2.2329-314     3.7467E-03
    4.10586     1.7846E+00     4.1947E-01    -3.6359E-02    -5.6914E-01     0.0000E+00     2.2329-314    -9.7516E-02
    4.21391     1.7623E+00     4.2746E-01    -2.0643E-01    -5.2453E-01     0.0000E+00     2.2329-314    -9.7041E-03
    4.32196     1.7332E+00     4.3825E-01    -2.6876E-01    -4.6645E-01     0.0000E+00     2.2329-314    -1.4090E-02
    4.43001     1.6980E+00     4.5197E-01    -3.2639E-01    -3.9592E-01     0.0000E+00     2.2329-314     1.9192E-03
    4.53806     1.6595E+00     4.6776E-01    -3.5569E-01    -3.1905E-01     0.0000E+00     2.2329-314     3.3399E-02
    4.64611     1.6228E+00     4.8371E-01    -3.3958E-01    -2.4567E-01     0.0000E+00     2.2329-314     3.1318E-04
    4.75416     1.5848E+00     5.0121E-01    -3.5167E-01    -1.6967E-01     0.0000E+00     2.2329-314    -1.0999E-01
    4.86220     1.5332E+00     5.2675E-01    -4.7793E-01    -6.6394E-02     0.0000E+00     2.2329-314     3.6690E-02
    4.97025     1.4878E+00     5.5102E-01    -4.1976E-01     2.4314E-02     0.0000E+00     2.2329-314    -7.3922E-02
    5.07830     1.4360E+00     5.8112E-01    -4.7969E-01     1.2797E-01     0.0000E+00     2.2329-314    -6.1854E-02
    5.18635     1.3809E+00     6.1627E-01    -5.1042E-01     2.3827E-01     0.0000E+00     2.2329-314    -9.5143E-02
    5.29440     1.3196E+00     6.5967E-01    -5.6677E-01     3.6075E-01     0.0000E+00     2.2329-314     2.2384E-02
    5.40245     1.2701E+00     6.9859E-01    -4.5793E-01     4.5971E-01     0.0000E+00     2.2329-314     6.0489E-02
    5.51050     1.2395E+00     7.2463E-01    -2.8336E-01     5.2094E-01     0.0000E+00     2.2329-314     6.2395E-02
    5.61855     1.2288E+00     7.3416E-01    -9.9503E-02     5.4245E-01     0.0000E+00     2.2329-314     2.5049E-02
    5.72660     1.2315E+00     7.3177E-01     2.4747E-02     5.3710E-01     0.0000E+00     2.2329-314     1.2492E-01
    5.83465     1.2609E+00     7.0631E-01     2.7228E-01     4.7826E-01     0.0000E+00     2.2329-314    -1.0001E-01
    5.94269     1.2796E+00     6.9084E-01     1.7350E-01     4.4077E-01     0.0000E+00     2.2329-314     4.1285E-02
    6.05074     1.3088E+00     6.6785E-01     2.7024E-01     3.8237E-01     0.0000E+00     2.2329-314     6.5653E-02
    6.15879     1.3495E+00     6.3785E-01     3.7698E-01     3.0090E-01     0.0000E+00     2.2329-314    -1.0399E-01
    6.26684     1.3763E+00     6.1936E-01     2.4733E-01     2.4746E-01     0.0000E+00     2.2329-314    -1.8903E-01
    6.37489     1.3789E+00     6.1756E-01     2.4742E-02     2.4211E-01     0.0000E+00     2.2329-314    -7.9081E-03
    6.48294     1.3838E+00     6.1434E-01     4.4623E-02     2.3247E-01     0.0000E+00     2.2329-314     5.0376E-02
    6.59099     1.3981E+00     6.0491E-01     1.3264E-01     2.0380E-01     0.0000E+00     2.2329-314     8.7860E-02
    6.69904     1.4255E+00     5.8753E-01     2.5401E-01     1.4891E-01     0.0000E+00     2.2329-314     3.3955E-02
    6.80709     1.4570E+00     5.6858E-01     2.9153E-01     8.5912E-02     0.0000E+00     2.2329-314     9.4221E-02
    6.91514     1.4991E+00     5.4484E-01     3.8889E-01     1.8746E-03     0.0000E+00     2.2329-314    -3.8314E-02
    7.02318     1.5329E+00     5.2690E-01     3.1318E-01    -6.5803E-02     0.0000E+00     2.2329-314    -2.7047E-02
    7.13123     1.5600E+00     5.1324E-01     2.5068E-01    -1.1997E-01     0.0000E+00     2.2329-314    -9.8565E-02
    7.23928     1.5715E+00     5.0761E-01     1.0653E-01    -1.4300E-01     0.0000E+00     2.2329-314    -6.6898E-02
    7.34733     1.5722E+00     5.0728E-01     6.3331E-03    -1.4436E-01     0.0000E+00     2.2329-314     4.7003E-02
    7.45538     1.5766E+00     5.0513E-01     4.1253E-02    -1.5328E-01     0.0000E+00     2.2329-314    -2.7218E-02
    7.56343     1.5755E+00     5.0570E-01    -1.0948E-02    -1.5091E-01     0.0000E+00     2.2329-314     3.4858E-02
    7.67148     1.5766E+00     5.0515E-01     1.0490E-02    -1.5318E-01     0.0000E+00     2.2329-314     9.3387E-03
    7.77953     1.5768E+00     5.0507E-01     1.5115E-03    -1.5351E-01     0.0000E+00     2.2329-314    -6.6415E-02
    7.88758     1.5668E+00     5.0991E-01    -9.2478E-02    -1.3352E-01     0.0000E+00     2.2329-314     3.3769E-02
    7.99562     1.5597E+00     5.1337E-01    -6.5219E-02    -1.1943E-01     0.0000E+00     2.2329-314    -5.9019E-03
    8.10367     1.5508E+00     5.1782E-01    -8.2762E-02    -1.0154E-01     0.0000E+00     2.2329-314     2.0876E-02
    8.21172     1.5436E+00     5.2145E-01    -6.6613E-02    -8.7149E-02     0.0000E+00     2.2329-314     2.3796E-03
    8.31977     1.5359E+00     5.2534E-01    -7.0690E-02    -7.1873E-02     0.0000E+00     2.2329-314     4.5434E-02
    8.42782     1.5334E+00     5.2664E-01    -2.3397E-02    -6.6817E-02     0.0000E+00     2.2329-314    -1.6077E-02
    8.53587     1.5281E+00     5.2937E-01    -4.8761E-02    -5.6279E-02     0.0000E+00     2.2329-314     3.5230E-03
 
 
    0.10805     2.0000E+00     3.5355E-01     0.0000E+00    -1.0000E+00     0.0000E+00     2.2329-314    -2.9460E-02
    0.21610     1.9844E+00     3.5774E-01    -1.4476E-01    -9.6872E-01     0.0000E+00     2.2329-314     6.6170E-02
    0.32415     1.9649E+00     3.6306E-01    -1.7966E-01    -9.2989E-01     0.0000E+00     2.2329-314     1.4770E-02
    0.43220     1.9365E+00     3.7108E-01    -2.6305E-01    -8.7305E-01     0.0000E+00     2.2329-314    -9.7550E-02
    0.54024     1.8873E+00     3.8570E-01    -4.5578E-01    -7.7456E-01     0.0000E+00     2.2329-314    -4.9198E-02
    0.64829     1.8247E+00     4.0571E-01    -5.7929E-01    -6.4937E-01     0.0000E+00     2.2329-314     1.9771E-02
    0.75634     1.7587E+00     4.2874E-01    -6.1031E-01    -5.1748E-01     0.0000E+00     2.2329-314    -3.1198E-02
    0.86439     1.6853E+00     4.5707E-01    -6.7965E-01    -3.7061E-01     0.0000E+00     2.2329-314    -1.8442E-02
    0.97244     1.6080E+00     4.9042E-01    -7.1543E-01    -2.1601E-01     0.0000E+00     2.2329-314    -2.3931E-02
    1.08049     1.5283E+00     5.2928E-01    -7.3758E-01    -5.6620E-02     0.0000E+00     2.2329-314    -1.9735E-02
    1.18854     1.4489E+00     5.7337E-01    -7.3482E-01     1.0217E-01     0.0000E+00     2.2329-314    -4.6210E-02
    1.29659     1.3686E+00     6.2458E-01    -7.4335E-01     2.6281E-01     0.0000E+00     2.2329-314    -2.6935E-03
    1.40464     1.2953E+00     6.7836E-01    -6.7859E-01     4.0945E-01     0.0000E+00     2.2329-314    -2.0682E-02
    1.51269     1.2287E+00     7.3421E-01    -6.1597E-01     5.4256E-01     0.0000E+00     2.2329-314     5.4568E-02
    1.62073     1.1824E+00     7.7780E-01    -4.2892E-01     6.3525E-01     0.0000E+00     2.2329-314     4.1694E-02
    1.72878     1.1566E+00     8.0393E-01    -2.3844E-01     6.8678E-01     0.0000E+00     2.2329-314    -1.4680E-02
    1.83683     1.1430E+00     8.1836E-01    -1.2617E-01     7.1405E-01     0.0000E+00     2.2329-314     7.6656E-02
    1.94488     1.1565E+00     8.0409E-01     1.2477E-01     6.8708E-01     0.0000E+00     2.2329-314    -2.2981E-03
    2.05293     1.1795E+00     7.8060E-01     2.1366E-01     6.4091E-01     0.0000E+00     2.2329-314     1.3820E-01
    2.16098     1.2318E+00     7.3143E-01     4.8389E-01     5.3634E-01     0.0000E+00     2.2329-314    -8.1565E-02
    2.26903     1.2725E+00     6.9661E-01     3.7679E-01     4.5492E-01     0.0000E+00     2.2329-314     1.6254E-03
    2.37708     1.3152E+00     6.6299E-01     3.9493E-01     3.6958E-01     0.0000E+00     2.2329-314    -1.2055E-01
    2.48513     1.3418E+00     6.4341E-01     2.4569E-01     3.1648E-01     0.0000E+00     2.2329-314     3.7956E-02
    2.59318     1.3753E+00     6.2000E-01     3.1072E-01     2.4934E-01     0.0000E+00     2.2329-314     1.7661E-02
    2.70122     1.4115E+00     5.9632E-01     3.3467E-01     1.7702E-01     0.0000E+00     2.2329-314     4.6515E-02
    2.80927     1.4528E+00     5.7106E-01     3.8246E-01     9.4368E-02     0.0000E+00     2.2329-314    -7.6675E-03
    2.91732     1.4908E+00     5.4936E-01     3.5185E-01     1.8334E-02     0.0000E+00     2.2329-314    -3.2200E-02
    3.02537     1.5220E+00     5.3259E-01     2.8818E-01    -4.3942E-02     0.0000E+00     2.2329-314     1.5786E-01
    3.13342     1.5698E+00     5.0845E-01     4.4231E-01    -1.3952E-01     0.0000E+00     2.2329-314     1.5386E-02
    3.24147     1.6141E+00     4.8766E-01     4.1003E-01    -2.2813E-01     0.0000E+00     2.2329-314     1.1470E-01
    3.34952     1.6662E+00     4.6495E-01     4.8265E-01    -3.3243E-01     0.0000E+00     2.2329-314     1.8122E-02
    3.45757     1.7129E+00     4.4608E-01     4.3170E-01    -4.2572E-01     0.0000E+00     2.2329-314     3.2970E-02
    3.56562     1.7552E+00     4.3006E-01     3.9150E-01    -5.1032E-01     0.0000E+00     2.2329-314    -3.3243E-02
    3.67367     1.7847E+00     4.1942E-01     2.7348E-01    -5.6942E-01     0.0000E+00     2.2329-314    -1.8579E-02
    3.78171     1.8033E+00     4.1293E-01     1.7248E-01    -6.0669E-01     0.0000E+00     2.2329-314     7.8833E-02
    3.88976     1.8226E+00     4.0642E-01     1.7801E-01    -6.4516E-01     0.0000E+00     2.2329-314    -1.0764E-01
    3.99781     1.8203E+00     4.0719E-01    -2.1311E-02    -6.4056E-01     0.0000E+00     2.2329-314     8.3396E-02
    4.10586     1.8197E+00     4.0737E-01    -5.1600E-03    -6.3944E-01     0.0000E+00     2.2329-314    -2.9350E-02
    4.21391     1.8078E+00     4.1143E-01    -1.1076E-01    -6.1550E-01     0.0000E+00     2.2329-314    -5.6616E-05
    4.32196     1.7886E+00     4.1806E-01    -1.7735E-01    -5.7718E-01     0.0000E+00     2.2329-314    -1.3317E-02
    4.43001     1.7615E+00     4.2774E-01    -2.5090E-01    -5.2296E-01     0.0000E+00     2.2329-314    -3.3315E-02
    4.53806     1.7251E+00     4.4135E-01    -3.3672E-01    -4.5020E-01     0.0000E+00     2.2329-314     6.8578E-02
    4.64611     1.6928E+00     4.5406E-01    -2.9938E-01    -3.8550E-01     0.0000E+00     2.2329-314    -1.3250E-01
    4.75416     1.6413E+00     4.7557E-01    -4.7614E-01    -2.8261E-01     0.0000E+00     2.2329-314     9.0388E-02
    4.86220     1.5995E+00     4.9436E-01    -3.8728E-01    -1.9892E-01     0.0000E+00     2.2329-314     4.5270E-02
    4.97025     1.5626E+00     5.1195E-01    -3.4103E-01    -1.2522E-01     0.0000E+00     2.2329-314    -3.4074E-02
    5.07830     1.5219E+00     5.3263E-01    -3.7682E-01    -4.3793E-02     0.0000E+00     2.2329-314    -5.3871E-02
    5.18635     1.4761E+00     5.5759E-01    -4.2364E-01     4.7755E-02     0.0000E+00     2.2329-314     4.2857E-02
    5.29440     1.4389E+00     5.7935E-01    -3.4419E-01     1.2213E-01     0.0000E+00     2.2329-314    -7.4458E-03
    5.40245     1.4047E+00     6.0065E-01    -3.1676E-01     1.9058E-01     0.0000E+00     2.2329-314     1.3134E-01
    5.51050     1.3924E+00     6.0860E-01    -1.1345E-01     2.1510E-01     0.0000E+00     2.2329-314     6.2849E-03
    5.61855     1.3849E+00     6.1356E-01    -6.9510E-02     2.3012E-01     0.0000E+00     2.2329-314     7.3583E-02
    5.72660     1.3909E+00     6.0959E-01     5.5536E-02     2.1812E-01     0.0000E+00     2.2329-314    -7.6438E-02
    5.83465     1.3895E+00     6.1056E-01    -1.3694E-02     2.2108E-01     0.0000E+00     2.2329-314    -3.9070E-02
    5.94269     1.3861E+00     6.1281E-01    -3.1455E-02     2.2788E-01     0.0000E+00     2.2329-314     1.3586E-02
    6.05074     1.3879E+00     6.1158E-01     1.7210E-02     2.2416E-01     0.0000E+00     2.2329-314    -6.5508E-02
    6.15879     1.3842E+00     6.1408E-01    -3.4839E-02     2.3169E-01     0.0000E+00     2.2329-314     5.8364E-02
    6.26684     1.3916E+00     6.0913E-01     6.9271E-02     2.1672E-01     0.0000E+00     2.2329-314     5.1058E-02
    6.37489     1.4082E+00     5.9839E-01     1.5361E-01     1.8352E-01     0.0000E+00     2.2329-314     4.1391E-02
    6.48294     1.4314E+00     5.8395E-01     2.1400E-01     1.3728E-01     0.0000E+00     2.2329-314     2.4574E-02
    6.59099     1.4576E+00     5.6826E-01     2.4268E-01     8.4836E-02     0.0000E+00     2.2329-314    -4.6452E-02
    6.69904     1.4769E+00     5.5715E-01     1.7879E-01     4.6199E-02     0.0000E+00     2.2329-314    -1.9043E-02
    6.80709     1.4929E+00     5.4820E-01     1.4845E-01     1.4119E-02     0.0000E+00     2.2329-314     3.5589E-03
    6.91514     1.5084E+00     5.3978E-01     1.4318E-01    -1.6821E-02     0.0000E+00     2.2329-314     6.8440E-02
    7.02318     1.5311E+00     5.2786E-01     2.0955E-01    -6.2105E-02     0.0000E+00     2.2329-314    -3.9670E-02
    7.13123     1.5463E+00     5.2006E-01     1.4128E-01    -9.2636E-02     0.0000E+00     2.2329-314     3.4728E-02
    7.23928     1.5636E+00     5.1148E-01     1.5965E-01    -1.2714E-01     0.0000E+00     2.2329-314    -6.8410E-02
    7.34733     1.5696E+00     5.0854E-01     5.5692E-02    -1.3917E-01     0.0000E+00     2.2329-314     2.3604E-02
    7.45538     1.5762E+00     5.0532E-01     6.1652E-02    -1.5249E-01     0.0000E+00     2.2329-314     4.6879E-03
    7.56343     1.5810E+00     5.0303E-01     4.4258E-02    -1.6206E-01     0.0000E+00     2.2329-314     6.8768E-02
    7.67148     1.5917E+00     4.9796E-01     9.9114E-02    -1.8348E-01     0.0000E+00     2.2329-314     4.8940E-02
    7.77953     1.6053E+00     4.9166E-01     1.2544E-01    -2.1058E-01     0.0000E+00     2.2329-314     2.9942E-03
    7.88758     1.6156E+00     4.8697E-01     9.5318E-02    -2.3118E-01     0.0000E+00     2.2329-314     6.7070E-03
    7.99562     1.6230E+00     4.8362E-01     6.8937E-02    -2.4608E-01     0.0000E+00     2.2329-314     3.6767E-03
    8.10367     1.6273E+00     4.8174E-01     3.9107E-02    -2.5453E-01     0.0000E+00     2.2329-314    -3.2796E-02
    8.21172     1.6240E+00     4.8321E-01    -3.0522E-02    -2.4793E-01     0.0000E+00     2.2329-314     7.4753E-02
    8.31977     1.6266E+00     4.8203E-01     2.4550E-02    -2.5324E-01     0.0000E+00     2.2329-314    -1.9881E-02
    8.42782     1.6234E+00     4.8346E-01    -2.9682E-02    -2.4682E-01     0.0000E+00     2.2329-314     1.2686E-01
    8.53587     1.6324E+00     4.7945E-01     8.3587E-02    -2.6489E-01     0.0000E+00     2.2329-314    -5.1435E-03
 
 
    0.10805     2.0000E+00     3.5355E-01     0.0000E+00    -1.0000E+00     0.0000E+00     2.2329-314    -1.7879E-02
    0.21610     1.9857E+00     3.5739E-01    -1.3257E-01    -9.7135E-01     0.0000E+00     2.2329-314    -1.6375E-02
    0.32415     1.9581E+00     3.6496E-01    -2.5523E-01    -9.1620E-01     0.0000E+00     2.2329-314    -2.1580E-02
    0.43220     1.9178E+00     3.7651E-01    -3.7262E-01    -8.3568E-01     0.0000E+00     2.2329-314     5.4331E-02
    0.54024     1.8750E+00     3.8948E-01    -3.9610E-01    -7.5008E-01     0.0000E+00     2.2329-314     7.1032E-03
    0.64829     1.8255E+00     4.0546E-01    -4.5894E-01    -6.5090E-01     0.0000E+00     2.2329-314    -3.2022E-02
    0.75634     1.7660E+00     4.2609E-01    -5.4988E-01    -5.3208E-01     0.0000E+00     2.2329-314     2.5415E-02
    0.86439     1.7054E+00     4.4903E-01    -5.6162E-01    -4.1071E-01     0.0000E+00     2.2329-314     5.6884E-02
    0.97244     1.6488E+00     4.7234E-01    -5.2353E-01    -2.9758E-01     0.0000E+00     2.2329-314    -6.8588E-02
    1.08049     1.5828E+00     5.0220E-01    -6.1116E-01    -1.6551E-01     0.0000E+00     2.2329-314    -7.7140E-02
    1.18854     1.5082E+00     5.3991E-01    -6.9014E-01    -1.6370E-02     0.0000E+00     2.2329-314     1.9530E-02
    1.29659     1.4392E+00     5.7917E-01    -6.3814E-01     1.2153E-01     0.0000E+00     2.2329-314    -3.9614E-02
    1.40464     1.3702E+00     6.2345E-01    -6.3846E-01     2.5950E-01     0.0000E+00     2.2329-314    -3.5676E-02
    1.51269     1.3037E+00     6.7180E-01    -6.1605E-01     3.9263E-01     0.0000E+00     2.2329-314     2.5195E-02
    1.62073     1.2499E+00     7.1559E-01    -4.9735E-01     5.0011E-01     0.0000E+00     2.2329-314    -9.5246E-03
    1.72878     1.2060E+00     7.5510E-01    -4.0713E-01     5.8809E-01     0.0000E+00     2.2329-314    -9.5388E-02
    1.83683     1.1602E+00     8.0019E-01    -4.2332E-01     6.7956E-01     0.0000E+00     2.2329-314    -2.8144E-02
    1.94488     1.1251E+00     8.3795E-01    -3.2509E-01     7.4982E-01     0.0000E+00     2.2329-314     8.2038E-03
    2.05293     1.1084E+00     8.5696E-01    -1.5460E-01     7.8322E-01     0.0000E+00     2.2329-314    -7.6652E-02
    2.16098     1.0950E+00     8.7275E-01    -1.2407E-01     8.1004E-01     0.0000E+00     2.2329-314     5.0726E-03
    2.26903     1.1001E+00     8.6666E-01     4.7424E-02     7.9979E-01     0.0000E+00     2.2329-314     1.2488E-01
    2.37708     1.1424E+00     8.1899E-01     3.9131E-01     7.1523E-01     0.0000E+00     2.2329-314     8.0868E-02
    2.48513     1.2027E+00     7.5812E-01     5.5861E-01     5.9451E-01     0.0000E+00     2.2329-314    -6.7059E-02
    2.59318     1.2520E+00     7.1382E-01     4.5591E-01     4.9599E-01     0.0000E+00     2.2329-314    -2.0630E-02
    2.70122     1.2990E+00     6.7544E-01     4.3491E-01     4.0201E-01     0.0000E+00     2.2329-314     4.9842E-03
    2.80927     1.3469E+00     6.3975E-01     4.4305E-01     3.0626E-01     0.0000E+00     2.2329-314     1.1915E-01
    2.91732     1.4099E+00     5.9733E-01     5.8339E-01     1.8020E-01     0.0000E+00     2.2329-314     6.2871E-02
    3.02537     1.4771E+00     5.5704E-01     6.2196E-01     4.5792E-02     0.0000E+00     2.2329-314    -1.0478E-02
    3.13342     1.5374E+00     5.2458E-01     5.5824E-01    -7.4842E-02     0.0000E+00     2.2329-314    -1.1182E-01
    3.24147     1.5781E+00     5.0445E-01     3.7611E-01    -1.5612E-01     0.0000E+00     2.2329-314    -1.1334E-01
    3.34952     1.5999E+00     4.9414E-01     2.0235E-01    -1.9985E-01     0.0000E+00     2.2329-314    -2.1333E-02
    3.45757     1.6152E+00     4.8717E-01     1.4096E-01    -2.3031E-01     0.0000E+00     2.2329-314    -1.0232E-02
    3.56562     1.6252E+00     4.8267E-01     9.2832E-02    -2.5037E-01     0.0000E+00     2.2329-314    -1.8525E-02
    3.67367     1.6291E+00     4.8092E-01     3.6294E-02    -2.5821E-01     0.0000E+00     2.2329-314     9.5020E-02
    3.78171     1.6409E+00     4.7577E-01     1.0875E-01    -2.8171E-01     0.0000E+00     2.2329-314    -3.4624E-02
    3.88976     1.6441E+00     4.7436E-01     2.9905E-02    -2.8818E-01     0.0000E+00     2.2329-314     1.1824E-01
    3.99781     1.6576E+00     4.6859E-01     1.2468E-01    -3.1512E-01     0.0000E+00     2.2329-314     1.1894E-01
    4.10586     1.6804E+00     4.5908E-01     2.1115E-01    -3.6075E-01     0.0000E+00     2.2329-314     4.3043E-03
    4.21391     1.6977E+00     4.5207E-01     1.6052E-01    -3.9544E-01     0.0000E+00     2.2329-314    -1.4687E-02
    4.32196     1.7073E+00     4.4828E-01     8.8380E-02    -4.1454E-01     0.0000E+00     2.2329-314    -6.3954E-02
    4.43001     1.7034E+00     4.4980E-01    -3.5603E-02    -4.0684E-01     0.0000E+00     2.2329-314     5.6388E-02
    4.53806     1.7012E+00     4.5066E-01    -2.0236E-02    -4.0247E-01     0.0000E+00     2.2329-314     5.3930E-02
    4.64611     1.7004E+00     4.5100E-01    -7.8418E-03    -4.0077E-01     0.0000E+00     2.2329-314     7.1796E-02
    4.75416     1.7029E+00     4.4999E-01     2.3684E-02    -4.0589E-01     0.0000E+00     2.2329-314     2.1270E-02
    4.86220     1.7027E+00     4.5009E-01    -2.4585E-03    -4.0536E-01     0.0000E+00     2.2329-314    -3.0788E-02
    4.97025     1.6936E+00     4.5372E-01    -8.4175E-02    -3.8717E-01     0.0000E+00     2.2329-314    -9.6192E-03
    5.07830     1.6789E+00     4.5971E-01    -1.3638E-01    -3.5770E-01     0.0000E+00     2.2329-314     7.9937E-03
    5.18635     1.6612E+00     4.6704E-01    -1.6314E-01    -3.2245E-01     0.0000E+00     2.2329-314     1.2141E-01
    5.29440     1.6548E+00     4.6975E-01    -5.9012E-02    -3.0969E-01     0.0000E+00     2.2329-314     2.2434E-02
    5.40245     1.6475E+00     4.7290E-01    -6.8115E-02    -2.9497E-01     0.0000E+00     2.2329-314     3.5481E-02
    5.51050     1.6410E+00     4.7573E-01    -6.0495E-02    -2.8190E-01     0.0000E+00     2.2329-314     3.2576E-02
    5.61855     1.6350E+00     4.7832E-01    -5.4918E-02    -2.7003E-01     0.0000E+00     2.2329-314     3.6620E-02
    5.72660     1.6303E+00     4.8040E-01    -4.3701E-02    -2.6059E-01     0.0000E+00     2.2329-314     3.6437E-02
    5.83465     1.6268E+00     4.8194E-01    -3.2154E-02    -2.5364E-01     0.0000E+00     2.2329-314     5.9417E-02
    5.94269     1.6274E+00     4.8169E-01     5.1956E-03    -2.5476E-01     0.0000E+00     2.2329-314     5.2901E-02
    6.05074     1.6309E+00     4.8011E-01     3.3002E-02    -2.6190E-01     0.0000E+00     2.2329-314    -1.6387E-02
    6.15879     1.6289E+00     4.8101E-01    -1.8816E-02    -2.5783E-01     0.0000E+00     2.2329-314     2.8665E-03
    6.26684     1.6240E+00     4.8320E-01    -4.5721E-02    -2.4795E-01     0.0000E+00     2.2329-314     1.2018E-02
    6.37489     1.6175E+00     4.8610E-01    -5.9734E-02    -2.3504E-01     0.0000E+00     2.2329-314    -9.0197E-02
    6.48294     1.5975E+00     4.9528E-01    -1.8555E-01    -1.9494E-01     0.0000E+00     2.2329-314     8.6411E-02
    6.59099     1.5864E+00     5.0045E-01    -1.0202E-01    -1.7290E-01     0.0000E+00     2.2329-314    -7.4026E-02
    6.69904     1.5648E+00     5.1089E-01    -2.0063E-01    -1.2954E-01     0.0000E+00     2.2329-314    -6.0426E-03
    6.80709     1.5419E+00     5.2231E-01    -2.1201E-01    -8.3726E-02     0.0000E+00     2.2329-314     2.0159E-03
    6.91514     1.5194E+00     5.3394E-01    -2.0784E-01    -3.8813E-02     0.0000E+00     2.2329-314    -4.9322E-03
    7.02318     1.4971E+00     5.4589E-01    -2.0606E-01     5.7160E-03     0.0000E+00     2.2329-314     2.3568E-02
    7.13123     1.4793E+00     5.5582E-01    -1.6556E-01     4.1493E-02     0.0000E+00     2.2329-314     6.4534E-03
    7.23928     1.4639E+00     5.6461E-01    -1.4240E-01     7.2265E-02     0.0000E+00     2.2329-314    -1.1051E-01
    7.34733     1.4364E+00     5.8085E-01    -2.5378E-01     1.2711E-01     0.0000E+00     2.2329-314    -7.6238E-02
    7.45538     1.4027E+00     6.0192E-01    -3.1199E-01     1.9453E-01     0.0000E+00     2.2329-314     1.6423E-02
    7.56343     1.3761E+00     6.1951E-01    -2.4698E-01     2.4790E-01     0.0000E+00     2.2329-314    -2.4952E-02
    7.67148     1.3514E+00     6.3652E-01    -2.2790E-01     2.9715E-01     0.0000E+00     2.2329-314     3.0402E-02
    7.77953     1.3370E+00     6.4688E-01    -1.3394E-01     3.2609E-01     0.0000E+00     2.2329-314     1.2163E-02
    7.88758     1.3300E+00     6.5195E-01    -6.4199E-02     3.3997E-01     0.0000E+00     2.2329-314     6.4864E-03
    7.99562     1.3295E+00     6.5232E-01    -4.7183E-03     3.4098E-01     0.0000E+00     2.2329-314     5.5830E-03
    8.10367     1.3348E+00     6.4847E-01     4.8738E-02     3.3045E-01     0.0000E+00     2.2329-314    -6.4412E-02
    8.21172     1.3356E+00     6.4786E-01     7.7183E-03     3.2878E-01     0.0000E+00     2.2329-314    -6.8874E-04
    8.31977     1.3410E+00     6.4392E-01     5.0328E-02     3.1791E-01     0.0000E+00     2.2329-314     6.1824E-02
    8.42782     1.3590E+00     6.3124E-01     1.6575E-01     2.8209E-01     0.0000E+00     2.2329-314     8.9963E-02
    8.53587     1.3913E+00     6.0938E-01     2.9897E-01     2.1748E-01     0.0000E+00     2.2329-314    -1.1196E-02
 
 
    0.10805     2.0000E+00     3.5355E-01     0.0000E+00    -1.0000E+00     0.0000E+00     2.2329-314    -2.6796E-02
    0.21610     1.9847E+00     3.5766E-01    -1.4196E-01    -9.6932E-01     0.0000E+00     2.2329-314     7.2825E-03
    0.32415     1.9588E+00     3.6476E-01    -2.3910E-01    -9.1766E-01     0.0000E+00     2.2329-314    -1.0372E-01
    0.43220     1.9109E+00     3.7858E-01    -4.4404E-01    -8.2170E-01     0.0000E+00     2.2329-314     1.3426E-02
    0.54024     1.8561E+00     3.9546E-01    -5.0678E-01    -7.1219E-01     0.0000E+00     2.2329-314    -2.4905E-02
    0.64829     1.7918E+00     4.1695E-01    -5.9548E-01    -5.8350E-01     0.0000E+00     2.2329-314    -1.2316E-02
    0.75634     1.7212E+00     4.4283E-01    -6.5266E-01    -4.4247E-01     0.0000E+00     2.2329-314     7.0632E-04
    0.86439     1.6481E+00     4.7264E-01    -6.7698E-01    -2.9617E-01     0.0000E+00     2.2329-314    -3.4544E-02
    0.97244     1.5701E+00     5.0828E-01    -7.2170E-01    -1.4021E-01     0.0000E+00     2.2329-314     1.0656E-02
    1.08049     1.4950E+00     5.4707E-01    -6.9530E-01     1.0040E-02     0.0000E+00     2.2329-314    -1.8920E-02
    1.18854     1.4211E+00     5.9032E-01    -6.8419E-01     1.5789E-01     0.0000E+00     2.2329-314    -1.7143E-02
    1.29659     1.3506E+00     6.3710E-01    -6.5201E-01     2.9879E-01     0.0000E+00     2.2329-314     4.8835E-02
    1.40464     1.2945E+00     6.7894E-01    -5.1894E-01     4.1093E-01     0.0000E+00     2.2329-314     6.6327E-02
    1.51269     1.2572E+00     7.0939E-01    -3.4540E-01     4.8557E-01     0.0000E+00     2.2329-314    -8.1507E-02
    1.62073     1.2184E+00     7.4356E-01    -3.5925E-01     5.6321E-01     0.0000E+00     2.2329-314    -1.4522E-01
    1.72878     1.1698E+00     7.9040E-01    -4.5001E-01     6.6045E-01     0.0000E+00     2.2329-314     8.2061E-02
    1.83683     1.1490E+00     8.1193E-01    -1.9226E-01     7.0200E-01     0.0000E+00     2.2329-314    -3.3732E-02
    1.94488     1.1373E+00     8.2454E-01    -1.0864E-01     7.2548E-01     0.0000E+00     2.2329-314     1.0907E-02
    2.05293     1.1418E+00     8.1958E-01     4.2361E-02     7.1632E-01     0.0000E+00     2.2329-314     6.9821E-03
    2.16098     1.1597E+00     8.0072E-01     1.6534E-01     6.8059E-01     0.0000E+00     2.2329-314    -2.3188E-02
    2.26903     1.1829E+00     7.7729E-01     2.1462E-01     6.3421E-01     0.0000E+00     2.2329-314     1.5607E-02
    2.37708     1.2158E+00     7.4597E-01     3.0429E-01     5.6846E-01     0.0000E+00     2.2329-314    -8.5102E-02
    2.48513     1.2403E+00     7.2396E-01     2.2692E-01     5.1942E-01     0.0000E+00     2.2329-314    -4.7569E-02
    2.59318     1.2629E+00     7.0462E-01     2.0909E-01     4.7424E-01     0.0000E+00     2.2329-314    -4.3464E-02
    2.70122     1.2839E+00     6.8743E-01     1.9409E-01     4.3229E-01     0.0000E+00     2.2329-314    -5.7492E-02
    2.80927     1.3009E+00     6.7396E-01     1.5782E-01     3.9819E-01     0.0000E+00     2.2329-314    -2.9263E-03
    2.91732     1.3217E+00     6.5812E-01     1.9243E-01     3.5660E-01     0.0000E+00     2.2329-314     9.2500E-03
    3.02537     1.3469E+00     6.3976E-01     2.3290E-01     3.0628E-01     0.0000E+00     2.2329-314     1.5883E-01
    3.13342     1.3953E+00     6.0670E-01     4.4875E-01     2.0930E-01     0.0000E+00     2.2329-314    -5.8508E-02
    3.24147     1.4342E+00     5.8220E-01     3.5990E-01     1.3153E-01     0.0000E+00     2.2329-314    -5.3427E-02
    3.34952     1.4646E+00     5.6420E-01     2.8084E-01     7.0839E-02     0.0000E+00     2.2329-314     6.5357E-02
    3.45757     1.5017E+00     5.4342E-01     3.4333E-01    -3.3538E-03     0.0000E+00     2.2329-314     5.2726E-02
    3.56562     1.5424E+00     5.2206E-01     3.7662E-01    -8.4740E-02     0.0000E+00     2.2329-314     3.3970E-02
    3.67367     1.5831E+00     5.0206E-01     3.7656E-01    -1.6611E-01     0.0000E+00     2.2329-314     4.5162E-02
    3.78171     1.6242E+00     4.8311E-01     3.8059E-01    -2.4836E-01     0.0000E+00     2.2329-314    -6.8076E-02
    3.88976     1.6511E+00     4.7134E-01     2.4937E-01    -3.0225E-01     0.0000E+00     2.2329-314     1.0446E-02
    3.99781     1.6737E+00     4.6181E-01     2.0932E-01    -3.4748E-01     0.0000E+00     2.2329-314    -2.8196E-02
    4.10586     1.6872E+00     4.5631E-01     1.2441E-01    -3.7436E-01     0.0000E+00     2.2329-314    -9.4937E-02
    4.21391     1.6838E+00     4.5769E-01    -3.1546E-02    -3.6755E-01     0.0000E+00     2.2329-314     5.6928E-02
    4.32196     1.6826E+00     4.5818E-01    -1.1045E-02    -3.6516E-01     0.0000E+00     2.2329-314    -6.0090E-03
    4.43001     1.6760E+00     4.6087E-01    -6.0596E-02    -3.5207E-01     0.0000E+00     2.2329-314    -3.0643E-02
    4.53806     1.6616E+00     4.6687E-01    -1.3314E-01    -3.2329E-01     0.0000E+00     2.2329-314     1.0045E-01
    4.64611     1.6558E+00     4.6933E-01    -5.3794E-02    -3.1167E-01     0.0000E+00     2.2329-314    -1.0692E-01
    4.75416     1.6335E+00     4.7898E-01    -2.0656E-01    -2.6703E-01     0.0000E+00     2.2329-314    -1.6970E-02
    4.86220     1.6069E+00     4.9094E-01    -2.4668E-01    -2.1373E-01     0.0000E+00     2.2329-314    -1.4303E-02
    4.97025     1.5771E+00     5.0491E-01    -2.7544E-01    -1.5420E-01     0.0000E+00     2.2329-314    -8.5132E-03
    5.07830     1.5459E+00     5.2028E-01    -2.8896E-01    -9.1761E-02     0.0000E+00     2.2329-314     2.0034E-02
    5.18635     1.5176E+00     5.3487E-01    -2.6140E-01    -3.5272E-02     0.0000E+00     2.2329-314    -6.9275E-02
    5.29440     1.4819E+00     5.5431E-01    -3.3037E-01     3.6120E-02     0.0000E+00     2.2329-314     1.1091E-01
    5.40245     1.4628E+00     5.6525E-01    -1.7745E-01     7.4468E-02     0.0000E+00     2.2329-314    -7.5548E-03
    5.51050     1.4449E+00     5.7578E-01    -1.6557E-01     1.1025E-01     0.0000E+00     2.2329-314     1.4692E-02
    5.61855     1.4316E+00     5.8383E-01    -1.2324E-01     1.3688E-01     0.0000E+00     2.2329-314     3.1779E-02
    5.72660     1.4251E+00     5.8778E-01    -5.9464E-02     1.4973E-01     0.0000E+00     2.2329-314    -4.2590E-02
    5.83465     1.4157E+00     5.9364E-01    -8.6976E-02     1.6852E-01     0.0000E+00     2.2329-314    -3.9042E-02
    5.94269     1.4043E+00     6.0092E-01    -1.0595E-01     1.9142E-01     0.0000E+00     2.2329-314    -2.9321E-02
    6.05074     1.3925E+00     6.0855E-01    -1.0893E-01     2.1496E-01     0.0000E+00     2.2329-314    -1.1691E-01
    6.15879     1.3693E+00     6.2410E-01    -2.1493E-01     2.6140E-01     0.0000E+00     2.2329-314     3.1550E-02
    6.26684     1.3557E+00     6.3355E-01    -1.2630E-01     2.8870E-01     0.0000E+00     2.2329-314     3.2714E-02
    6.37489     1.3516E+00     6.3640E-01    -3.7594E-02     2.9682E-01     0.0000E+00     2.2329-314     5.0363E-03
    6.48294     1.3528E+00     6.3555E-01     1.1243E-02     2.9439E-01     0.0000E+00     2.2329-314     3.6048E-02
    6.59099     1.3630E+00     6.2844E-01     9.4156E-02     2.7405E-01     0.0000E+00     2.2329-314    -2.8625E-02
    6.69904     1.3723E+00     6.2203E-01     8.6584E-02     2.5533E-01     0.0000E+00     2.2329-314    -6.5815E-02
    6.80709     1.3758E+00     6.1971E-01     3.1698E-02     2.4848E-01     0.0000E+00     2.2329-314    -4.8655E-02
    6.91514     1.3760E+00     6.1957E-01     1.9111E-03     2.4807E-01     0.0000E+00     2.2329-314     5.7025E-02
    7.02318     1.3872E+00     6.1205E-01     1.0409E-01     2.2558E-01     0.0000E+00     2.2329-314    -5.1880E-02
    7.13123     1.3938E+00     6.0769E-01     6.1304E-02     2.1233E-01     0.0000E+00     2.2329-314    -7.8227E-02
    7.23928     1.3926E+00     6.0849E-01    -1.1219E-02     2.1476E-01     0.0000E+00     2.2329-314     5.0443E-02
    7.34733     1.4011E+00     6.0295E-01     7.8724E-02     1.9774E-01     0.0000E+00     2.2329-314    -6.7825E-02
    7.45538     1.4028E+00     6.0186E-01     1.5719E-02     1.9435E-01     0.0000E+00     2.2329-314    -9.7750E-02
    7.56343     1.3943E+00     6.0736E-01    -7.8586E-02     2.1133E-01     0.0000E+00     2.2329-314     3.7270E-02
    7.67148     1.3943E+00     6.0737E-01    -7.2584E-05     2.1134E-01     0.0000E+00     2.2329-314    -2.8696E-02
    7.77953     1.3935E+00     6.0790E-01    -7.5520E-03     2.1298E-01     0.0000E+00     2.2329-314    -2.6114E-02
    7.88758     1.3923E+00     6.0869E-01    -1.1093E-02     2.1537E-01     0.0000E+00     2.2329-314    -9.8847E-02
    7.99562     1.3813E+00     6.1601E-01    -1.0238E-01     2.3750E-01     0.0000E+00     2.2329-314     5.6362E-02
    8.10367     1.3818E+00     6.1563E-01     5.2690E-03     2.3636E-01     0.0000E+00     2.2329-314     7.8133E-02
    8.21172     1.3960E+00     6.0629E-01     1.3108E-01     2.0803E-01     0.0000E+00     2.2329-314     2.3462E-02
    8.31977     1.4149E+00     5.9416E-01     1.7520E-01     1.7017E-01     0.0000E+00     2.2329-314    -6.4923E-02
    8.42782     1.4262E+00     5.8714E-01     1.0417E-01     1.4766E-01     0.0000E+00     2.2329-314    -1.4163E-02
    8.53587     1.4367E+00     5.8069E-01     9.7649E-02     1.2656E-01     0.0000E+00     2.2329-314    -5.9108E-02
