BEHD @ YYE. Sim. done on 2023-10-28   12h45
### Sim. w/ κ =    0.400 ; and ∆_0 =  2.00; T =    2.98E+05
 ## r =  1.00E-06 ; rhosty =  1.05E+03 ; rhosol =  1.00E+03
 ## k =  2.00 ; ∆_eq =  2.00 ; num_particle =      10
  Time        mass            Force z            Noise z            Noise x            Noise Θ
    0.10805        3.298672E-09       -1.000000E+00        6.105932E-03       -0.000000E+00        0.000000E+00
    0.21610        3.298672E-09       -9.763897E-01        8.599395E-02       -0.000000E+00        0.000000E+00
    0.32415        3.298672E-09       -9.491890E-01       -4.426405E-03       -0.000000E+00        0.000000E+00
    0.43220        3.298672E-09       -8.982283E-01       -9.190814E-02        0.000000E+00        0.000000E+00
    0.54024        3.298672E-09       -8.052563E-01        2.179885E-02       -0.000000E+00        0.000000E+00
    0.64829        3.298672E-09       -7.005745E-01        1.344519E-02        0.000000E+00       -0.000000E+00
    0.75634        3.298672E-09       -5.852651E-01        3.127770E-02       -0.000000E+00        0.000000E+00
    0.86439        3.298672E-09       -4.669079E-01       -1.475135E-03       -0.000000E+00       -0.000000E+00
    0.97244        3.298672E-09       -3.408197E-01        3.726031E-02        0.000000E+00       -0.000000E+00
    1.08049        3.298672E-09       -2.201093E-01       -2.363733E-02       -0.000000E+00       -0.000000E+00
    1.18854        3.298672E-09       -9.275606E-02       -3.892544E-02        0.000000E+00        0.000000E+00
    1.29659        3.298672E-09        4.161316E-02       -7.469640E-03        0.000000E+00       -0.000000E+00
    1.40464        3.298672E-09        1.709146E-01       -5.389110E-02        0.000000E+00        0.000000E+00
    1.51269        3.298672E-09        3.042379E-01       -1.666370E-02        0.000000E+00        0.000000E+00
    1.62073        3.298672E-09        4.270725E-01       -3.227331E-02       -0.000000E+00       -0.000000E+00
    1.72878        3.298672E-09        5.399844E-01        9.528186E-02        0.000000E+00       -0.000000E+00
    1.83683        3.298672E-09        5.953001E-01       -6.641624E-02        0.000000E+00       -0.000000E+00
    1.94488        3.298672E-09        6.465874E-01       -9.624362E-03        0.000000E+00       -0.000000E+00
    2.05293        3.298672E-09        6.705016E-01       -7.723305E-02       -0.000000E+00       -0.000000E+00
    2.16098        3.298672E-09        6.936576E-01       -8.484364E-02       -0.000000E+00        0.000000E+00
    2.26903        3.298672E-09        7.181558E-01       -2.345811E-02        0.000000E+00        0.000000E+00
    2.37708        3.298672E-09        7.176549E-01       -1.042744E-01       -0.000000E+00       -0.000000E+00
    2.48513        3.298672E-09        7.288375E-01       -3.234805E-02        0.000000E+00       -0.000000E+00
    2.59318        3.298672E-09        7.196189E-01        2.781684E-02       -0.000000E+00       -0.000000E+00
    2.70122        3.298672E-09        6.693450E-01        5.901158E-02       -0.000000E+00       -0.000000E+00
    2.80927        3.298672E-09        5.790752E-01        8.665782E-02       -0.000000E+00       -0.000000E+00
    2.91732        3.298672E-09        4.545711E-01        1.273110E-01        0.000000E+00        0.000000E+00
    3.02537        3.298672E-09        2.959807E-01        5.726740E-02       -0.000000E+00        0.000000E+00
    3.13342        3.298672E-09        1.353944E-01        4.641136E-02        0.000000E+00        0.000000E+00
    3.24147        3.298672E-09       -2.215389E-02        6.472346E-02       -0.000000E+00        0.000000E+00
    3.34952        3.298672E-09       -1.799164E-01        1.119387E-01        0.000000E+00        0.000000E+00
    3.45757        3.298672E-09       -3.472979E-01       -2.182753E-03       -0.000000E+00        0.000000E+00
    3.56562        3.298672E-09       -4.920072E-01        1.708275E-02        0.000000E+00        0.000000E+00
    3.67367        3.298672E-09       -6.183657E-01        7.096011E-02       -0.000000E+00        0.000000E+00
    3.78171        3.298672E-09       -7.382076E-01        2.810426E-02       -0.000000E+00        0.000000E+00
    3.88976        3.298672E-09       -8.393203E-01       -6.610438E-02       -0.000000E+00       -0.000000E+00
    3.99781        3.298672E-09       -8.986567E-01        3.187528E-02       -0.000000E+00        0.000000E+00
    4.10586        3.298672E-09       -9.400400E-01       -1.763561E-02       -0.000000E+00       -0.000000E+00
    4.21391        3.298672E-09       -9.518794E-01        8.564782E-02        0.000000E+00        0.000000E+00
    4.32196        3.298672E-09       -9.592055E-01        1.614029E-02       -0.000000E+00       -0.000000E+00
    4.43001        3.298672E-09       -9.459024E-01       -4.631105E-02        0.000000E+00        0.000000E+00
    4.53806        3.298672E-09       -8.986376E-01       -3.659754E-02       -0.000000E+00       -0.000000E+00
    4.64611        3.298672E-09       -8.221015E-01        3.930289E-06       -0.000000E+00        0.000000E+00
    4.75416        3.298672E-09       -7.277645E-01       -1.778295E-02       -0.000000E+00       -0.000000E+00
    4.86220        3.298672E-09       -6.143940E-01       -3.472109E-02        0.000000E+00       -0.000000E+00
    4.97025        3.298672E-09       -4.813952E-01        3.629831E-02       -0.000000E+00        0.000000E+00
    5.07830        3.298672E-09       -3.498506E-01        5.268342E-02        0.000000E+00        0.000000E+00
    5.18635        3.298672E-09       -2.273772E-01        6.564686E-02       -0.000000E+00        0.000000E+00
    5.29440        3.298672E-09       -1.205641E-01       -3.334540E-02        0.000000E+00        0.000000E+00
    5.40245        3.298672E-09       -6.897733E-03        1.307622E-01        0.000000E+00       -0.000000E+00
    5.51050        3.298672E-09        6.709910E-02        3.638021E-02        0.000000E+00       -0.000000E+00
    5.61855        3.298672E-09        1.251288E-01       -8.728702E-02       -0.000000E+00       -0.000000E+00
    5.72660        3.298672E-09        1.997215E-01       -7.124110E-02       -0.000000E+00        0.000000E+00
    5.83465        3.298672E-09        2.837350E-01        3.899260E-02        0.000000E+00       -0.000000E+00
    5.94269        3.298672E-09        3.424407E-01        1.642934E-02        0.000000E+00       -0.000000E+00
    6.05074        3.298672E-09        3.810073E-01       -5.415329E-02        0.000000E+00       -0.000000E+00
    6.15879        3.298672E-09        4.204593E-01       -1.069520E-01        0.000000E+00       -0.000000E+00
    6.26684        3.298672E-09        4.758821E-01        1.929059E-02        0.000000E+00       -0.000000E+00
    6.37489        3.298672E-09        5.040548E-01       -2.478032E-02        0.000000E+00       -0.000000E+00
    6.48294        3.298672E-09        5.198446E-01        8.634880E-02        0.000000E+00       -0.000000E+00
    6.59099        3.298672E-09        4.865615E-01        2.479766E-02        0.000000E+00        0.000000E+00
    6.69904        3.298672E-09        4.328020E-01        3.261797E-02       -0.000000E+00       -0.000000E+00
    6.80709        3.298672E-09        3.615482E-01        3.255341E-02        0.000000E+00       -0.000000E+00
    6.91514        3.298672E-09        2.780924E-01       -6.519968E-02       -0.000000E+00        0.000000E+00
    7.02318        3.298672E-09        2.150577E-01        6.209854E-02        0.000000E+00       -0.000000E+00
    7.13123        3.298672E-09        1.346821E-01       -7.737228E-02       -0.000000E+00       -0.000000E+00
    7.23928        3.298672E-09        7.980795E-02       -1.875829E-02        0.000000E+00       -0.000000E+00
    7.34733        3.298672E-09        3.267922E-02        2.359194E-02        0.000000E+00       -0.000000E+00
    7.45538        3.298672E-09       -1.762886E-02       -6.169897E-02        0.000000E+00        0.000000E+00
    7.56343        3.298672E-09       -4.707002E-02        1.219417E-01       -0.000000E+00        0.000000E+00
    7.67148        3.298672E-09       -1.047230E-01        4.964230E-02        0.000000E+00        0.000000E+00
    7.77953        3.298672E-09       -1.677692E-01       -4.346923E-02        0.000000E+00        0.000000E+00
    7.88758        3.298672E-09       -2.104584E-01       -4.258397E-03        0.000000E+00        0.000000E+00
    7.99562        3.298672E-09       -2.433738E-01       -2.135832E-02       -0.000000E+00        0.000000E+00
    8.10367        3.298672E-09       -2.621433E-01        5.292083E-02       -0.000000E+00       -0.000000E+00
    8.21172        3.298672E-09       -2.858381E-01        3.904492E-02        0.000000E+00       -0.000000E+00
    8.31977        3.298672E-09       -3.100447E-01       -6.212188E-03       -0.000000E+00        0.000000E+00
    8.42782        3.298672E-09       -3.228755E-01        6.382863E-02        0.000000E+00        0.000000E+00
    8.53587        3.298672E-09       -3.420641E-01        6.909122E-02       -0.000000E+00       -0.000000E+00
    0.10805        3.298672E-09       -1.000000E+00       -3.131615E-03        0.000000E+00       -0.000000E+00
    0.21610        3.298672E-09       -9.742517E-01       -7.435062E-02       -0.000000E+00       -0.000000E+00
    0.32415        3.298672E-09       -9.078794E-01       -4.345043E-02        0.000000E+00        0.000000E+00
    0.43220        3.298672E-09       -8.111147E-01        1.997241E-02       -0.000000E+00       -0.000000E+00
    0.54024        3.298672E-09       -7.021872E-01        1.436736E-02       -0.000000E+00       -0.000000E+00
    0.64829        3.298672E-09       -5.829432E-01        2.503387E-02        0.000000E+00        0.000000E+00
    0.75634        3.298672E-09       -4.593365E-01       -2.273395E-02        0.000000E+00       -0.000000E+00
    0.86439        3.298672E-09       -3.231867E-01       -9.780445E-02       -0.000000E+00        0.000000E+00
    0.97244        3.298672E-09       -1.597430E-01        2.157459E-02        0.000000E+00       -0.000000E+00
    1.08049        3.298672E-09       -3.597933E-03       -3.617275E-02        0.000000E+00        0.000000E+00
    1.18854        3.298672E-09        1.560923E-01       -2.193407E-02        0.000000E+00       -0.000000E+00
    1.29659        3.298672E-09        3.112996E-01        2.495419E-02       -0.000000E+00        0.000000E+00
    1.40464        3.298672E-09        4.438523E-01       -1.046054E-03        0.000000E+00        0.000000E+00
    1.51269        3.298672E-09        5.562140E-01        5.155222E-03        0.000000E+00       -0.000000E+00
    1.62073        3.298672E-09        6.407161E-01       -4.075428E-02       -0.000000E+00       -0.000000E+00
    1.72878        3.298672E-09        7.089134E-01        9.019455E-03        0.000000E+00        0.000000E+00
    1.83683        3.298672E-09        7.367828E-01       -8.944817E-02       -0.000000E+00        0.000000E+00
    1.94488        3.298672E-09        7.655439E-01       -2.569009E-02       -0.000000E+00       -0.000000E+00
    2.05293        3.298672E-09        7.657562E-01       -4.654162E-02        0.000000E+00       -0.000000E+00
    2.16098        3.298672E-09        7.508231E-01       -1.152425E-02        0.000000E+00       -0.000000E+00
    2.26903        3.298672E-09        7.097019E-01       -3.837815E-02        0.000000E+00        0.000000E+00
    2.37708        3.298672E-09        6.622927E-01       -5.559507E-02       -0.000000E+00        0.000000E+00
    2.48513        3.298672E-09        6.185256E-01       -2.866362E-03       -0.000000E+00       -0.000000E+00
    2.59318        3.298672E-09        5.595544E-01       -6.269306E-02       -0.000000E+00        0.000000E+00
    2.70122        3.298672E-09        5.116232E-01        9.406956E-02        0.000000E+00       -0.000000E+00
    2.80927        3.298672E-09        4.215164E-01       -1.392249E-01        0.000000E+00       -0.000000E+00
    2.91732        3.298672E-09        3.744355E-01       -1.254472E-01       -0.000000E+00       -0.000000E+00
    3.02537        3.298672E-09        3.591096E-01       -1.138905E-01       -0.000000E+00       -0.000000E+00
    3.13342        3.298672E-09        3.682348E-01       -3.605944E-02       -0.000000E+00        0.000000E+00
    3.24147        3.298672E-09        3.755369E-01        6.341058E-03        0.000000E+00        0.000000E+00
    3.34952        3.298672E-09        3.680395E-01       -2.609827E-02       -0.000000E+00        0.000000E+00
    3.45757        3.298672E-09        3.573638E-01        3.826541E-03        0.000000E+00       -0.000000E+00
    3.56562        3.298672E-09        3.351886E-01       -1.072806E-02       -0.000000E+00        0.000000E+00
    3.67367        3.298672E-09        3.079339E-01        5.892174E-02       -0.000000E+00       -0.000000E+00
    3.78171        3.298672E-09        2.565742E-01       -6.481905E-02       -0.000000E+00        0.000000E+00
    3.88976        3.298672E-09        2.214983E-01       -1.553720E-02       -0.000000E+00       -0.000000E+00
    3.99781        3.298672E-09        1.875924E-01        1.261302E-02        0.000000E+00        0.000000E+00
    4.10586        3.298672E-09        1.477876E-01        5.745672E-02       -0.000000E+00        0.000000E+00
    4.21391        3.298672E-09        9.149179E-02        6.734121E-02        0.000000E+00       -0.000000E+00
    4.32196        3.298672E-09        1.949359E-02       -1.282085E-01       -0.000000E+00        0.000000E+00
    4.43001        3.298672E-09       -1.259965E-02       -9.137311E-02       -0.000000E+00        0.000000E+00
    4.53806        3.298672E-09       -1.772047E-02       -3.793996E-02        0.000000E+00        0.000000E+00
    4.64611        3.298672E-09       -1.192269E-02       -1.393109E-02        0.000000E+00       -0.000000E+00
    4.75416        3.298672E-09       -2.448357E-03        6.630364E-03       -0.000000E+00        0.000000E+00
    4.86220        3.298672E-09        4.763897E-03        4.580214E-02        0.000000E+00       -0.000000E+00
    4.97025        3.298672E-09       -6.962562E-04       -1.103772E-02       -0.000000E+00        0.000000E+00
    5.07830        3.298672E-09       -2.746159E-03       -3.913190E-02        0.000000E+00       -0.000000E+00
    5.18635        3.298672E-09        5.831902E-03        4.775211E-02        0.000000E+00        0.000000E+00
    5.29440        3.298672E-09        1.093766E-03        5.002957E-02        0.000000E+00       -0.000000E+00
    5.40245        3.298672E-09       -1.646271E-02        7.711478E-02       -0.000000E+00       -0.000000E+00
    5.51050        3.298672E-09       -5.244040E-02       -1.827309E-02        0.000000E+00       -0.000000E+00
    5.61855        3.298672E-09       -7.937772E-02        1.517822E-01       -0.000000E+00       -0.000000E+00
    5.72660        3.298672E-09       -1.413789E-01       -3.408610E-02        0.000000E+00       -0.000000E+00
    5.83465        3.298672E-09       -1.860542E-01       -2.139590E-02       -0.000000E+00        0.000000E+00
    5.94269        3.298672E-09       -2.170443E-01        8.115733E-02       -0.000000E+00       -0.000000E+00
    6.05074        3.298672E-09       -2.604659E-01        3.309493E-02        0.000000E+00       -0.000000E+00
    6.15879        3.298672E-09       -3.022154E-01       -4.453016E-02        0.000000E+00        0.000000E+00
    6.26684        3.298672E-09       -3.220919E-01       -3.424949E-02        0.000000E+00        0.000000E+00
    6.37489        3.298672E-09       -3.236349E-01       -2.192338E-02        0.000000E+00        0.000000E+00
    6.48294        3.298672E-09       -3.109659E-01       -3.609642E-02       -0.000000E+00       -0.000000E+00
    6.59099        3.298672E-09       -2.816882E-01        1.389717E-02       -0.000000E+00       -0.000000E+00
    6.69904        3.298672E-09       -2.498669E-01        1.290179E-01       -0.000000E+00        0.000000E+00
    6.80709        3.298672E-09       -2.453311E-01        6.339506E-02        0.000000E+00       -0.000000E+00
    6.91514        3.298672E-09       -2.502630E-01       -9.121926E-02       -0.000000E+00        0.000000E+00
    7.02318        3.298672E-09       -2.252288E-01        3.064461E-02       -0.000000E+00        0.000000E+00
    7.13123        3.298672E-09       -2.031780E-01        8.354034E-02       -0.000000E+00        0.000000E+00
    7.23928        3.298672E-09       -1.979279E-01       -6.254458E-03        0.000000E+00        0.000000E+00
    7.34733        3.298672E-09       -1.859610E-01       -3.295987E-02        0.000000E+00        0.000000E+00
    7.45538        3.298672E-09       -1.612306E-01        3.744618E-02       -0.000000E+00        0.000000E+00
    7.56343        3.298672E-09       -1.430273E-01        2.318133E-02       -0.000000E+00       -0.000000E+00
    7.67148        3.298672E-09       -1.278649E-01        6.053894E-02       -0.000000E+00       -0.000000E+00
    7.77953        3.298672E-09       -1.255703E-01       -4.233822E-02        0.000000E+00       -0.000000E+00
    7.88758        3.298672E-09       -1.090292E-01       -5.898032E-02       -0.000000E+00       -0.000000E+00
    7.99562        3.298672E-09       -7.526853E-02       -2.547021E-02        0.000000E+00       -0.000000E+00
    8.10367        3.298672E-09       -3.481706E-02        2.580975E-02       -0.000000E+00       -0.000000E+00
    8.21172        3.298672E-09       -2.575217E-03        5.514544E-02       -0.000000E+00       -0.000000E+00
    8.31977        3.298672E-09        1.317176E-02        2.696852E-02        0.000000E+00       -0.000000E+00
    8.42782        3.298672E-09        2.038807E-02       -5.667176E-02        0.000000E+00        0.000000E+00
    8.53587        3.298672E-09        4.162816E-02       -8.664918E-03        0.000000E+00       -0.000000E+00
    0.10805        3.298672E-09       -1.000000E+00       -9.073604E-02        0.000000E+00        0.000000E+00
    0.21610        3.298672E-09       -9.539765E-01       -5.885814E-02        0.000000E+00        0.000000E+00
    0.32415        3.298672E-09       -8.721573E-01        5.255822E-02       -0.000000E+00        0.000000E+00
    0.43220        3.298672E-09       -7.837461E-01        9.281436E-02        0.000000E+00        0.000000E+00
    0.54024        3.298672E-09       -7.007100E-01       -4.577345E-03       -0.000000E+00       -0.000000E+00
    0.64829        3.298672E-09       -6.020522E-01       -2.512756E-02        0.000000E+00        0.000000E+00
    0.75634        3.298672E-09       -4.858937E-01        1.020469E-01        0.000000E+00       -0.000000E+00
    0.86439        3.298672E-09       -3.865026E-01       -3.445041E-02        0.000000E+00        0.000000E+00
    0.97244        3.298672E-09       -2.728145E-01       -5.773135E-02        0.000000E+00       -0.000000E+00
    1.08049        3.298672E-09       -1.423888E-01       -6.015895E-03        0.000000E+00        0.000000E+00
    1.18854        3.298672E-09       -1.213092E-02        1.689632E-02        0.000000E+00        0.000000E+00
    1.29659        3.298672E-09        1.082645E-01        3.519150E-02        0.000000E+00        0.000000E+00
    1.40464        3.298672E-09        2.102131E-01        3.464822E-02        0.000000E+00        0.000000E+00
    1.51269        3.298672E-09        2.905622E-01        5.796885E-02        0.000000E+00       -0.000000E+00
    1.62073        3.298672E-09        3.398981E-01       -3.271477E-02       -0.000000E+00        0.000000E+00
    1.72878        3.298672E-09        3.843855E-01       -8.695209E-02        0.000000E+00        0.000000E+00
    1.83683        3.298672E-09        4.392871E-01        8.259535E-02       -0.000000E+00       -0.000000E+00
    1.94488        3.298672E-09        4.488776E-01        4.708049E-02       -0.000000E+00        0.000000E+00
    2.05293        3.298672E-09        4.273213E-01        3.832686E-02        0.000000E+00       -0.000000E+00
    2.16098        3.298672E-09        3.820409E-01       -1.374228E-01        0.000000E+00       -0.000000E+00
    2.26903        3.298672E-09        3.718335E-01        9.513046E-03        0.000000E+00       -0.000000E+00
    2.37708        3.298672E-09        3.478011E-01        1.883544E-02        0.000000E+00       -0.000000E+00
    2.48513        3.298672E-09        3.096259E-01       -8.525020E-02       -0.000000E+00        0.000000E+00
    2.59318        3.298672E-09        2.910016E-01       -2.865915E-02        0.000000E+00       -0.000000E+00
    2.70122        3.298672E-09        2.735665E-01       -7.261292E-02        0.000000E+00       -0.000000E+00
    2.80927        3.298672E-09        2.704333E-01        1.088505E-02        0.000000E+00        0.000000E+00
    2.91732        3.298672E-09        2.561374E-01       -2.737645E-02        0.000000E+00        0.000000E+00
    3.02537        3.298672E-09        2.432420E-01       -1.543226E-02       -0.000000E+00        0.000000E+00
    3.13342        3.298672E-09        2.285740E-01        5.961562E-02       -0.000000E+00       -0.000000E+00
    3.24147        3.298672E-09        1.914264E-01       -1.334982E-02       -0.000000E+00       -0.000000E+00
    3.34952        3.298672E-09        1.558779E-01        5.006809E-02       -0.000000E+00        0.000000E+00
    3.45757        3.298672E-09        1.051800E-01       -8.459350E-03       -0.000000E+00        0.000000E+00
    3.56562        3.298672E-09        5.839322E-02        3.320344E-03       -0.000000E+00       -0.000000E+00
    3.67367        3.298672E-09        1.313286E-02       -1.815829E-02       -0.000000E+00       -0.000000E+00
    3.78171        3.298672E-09       -2.389368E-02        3.206946E-03        0.000000E+00        0.000000E+00
    3.88976        3.298672E-09       -5.812406E-02       -5.645362E-02       -0.000000E+00        0.000000E+00
    3.99781        3.298672E-09       -7.338260E-02       -5.281449E-02        0.000000E+00       -0.000000E+00
    4.10586        3.298672E-09       -7.173884E-02        1.784417E-02       -0.000000E+00       -0.000000E+00
    4.21391        3.298672E-09       -7.275662E-02       -3.383554E-02        0.000000E+00       -0.000000E+00
    4.32196        3.298672E-09       -6.282154E-02       -3.605627E-02       -0.000000E+00       -0.000000E+00
    4.43001        3.298672E-09       -4.234192E-02        2.200798E-02        0.000000E+00       -0.000000E+00
    4.53806        3.298672E-09       -2.768895E-02        5.331203E-02       -0.000000E+00       -0.000000E+00
    4.64611        3.298672E-09       -2.714224E-02       -1.480546E-02        0.000000E+00       -0.000000E+00
    4.75416        3.298672E-09       -2.190845E-02       -4.974194E-02        0.000000E+00       -0.000000E+00
    4.86220        3.298672E-09       -3.283193E-03       -7.270320E-02       -0.000000E+00        0.000000E+00
    4.97025        3.298672E-09        3.342768E-02       -2.301898E-02       -0.000000E+00        0.000000E+00
    5.07830        3.298672E-09        7.298165E-02       -1.437195E-02        0.000000E+00        0.000000E+00
    5.18635        3.298672E-09        1.117345E-01        2.331873E-02        0.000000E+00       -0.000000E+00
    5.29440        3.298672E-09        1.382770E-01        7.229451E-02        0.000000E+00       -0.000000E+00
    5.40245        3.298672E-09        1.389964E-01        4.427377E-03        0.000000E+00       -0.000000E+00
    5.51050        3.298672E-09        1.344161E-01        8.077055E-03       -0.000000E+00       -0.000000E+00
    5.61855        3.298672E-09        1.241069E-01        4.198015E-02        0.000000E+00       -0.000000E+00
    5.72660        3.298672E-09        9.958754E-02        4.493708E-02       -0.000000E+00       -0.000000E+00
    5.83465        3.298672E-09        6.209585E-02        2.817011E-02       -0.000000E+00        0.000000E+00
    5.94269        3.298672E-09        1.848016E-02        4.862457E-02        0.000000E+00        0.000000E+00
    6.05074        3.298672E-09       -3.489768E-02       -2.686712E-02        0.000000E+00       -0.000000E+00
    6.15879        3.298672E-09       -7.589304E-02       -5.124019E-02        0.000000E+00        0.000000E+00
    6.26684        3.298672E-09       -9.832365E-02       -4.563761E-02       -0.000000E+00       -0.000000E+00
    6.37489        3.298672E-09       -1.045915E-01       -4.873203E-02        0.000000E+00       -0.000000E+00
    6.48294        3.298672E-09       -9.490971E-02       -3.837580E-02        0.000000E+00        0.000000E+00
    6.59099        3.298672E-09       -7.324387E-02       -4.207613E-02       -0.000000E+00       -0.000000E+00
    6.69904        3.298672E-09       -3.993449E-02       -5.214058E-02        0.000000E+00        0.000000E+00
    6.80709        3.298672E-09        6.095033E-03       -3.973870E-02       -0.000000E+00        0.000000E+00
    6.91514        3.298672E-09        5.965823E-02        3.001916E-02       -0.000000E+00        0.000000E+00
    7.02318        3.298672E-09        1.001548E-01        2.550568E-02        0.000000E+00        0.000000E+00
    7.13123        3.298672E-09        1.281390E-01       -1.030167E-01       -0.000000E+00       -0.000000E+00
    7.23928        3.298672E-09        1.786381E-01        2.701799E-02       -0.000000E+00        0.000000E+00
    7.34733        3.298672E-09        2.128714E-01        8.565102E-02        0.000000E+00        0.000000E+00
    7.45538        3.298672E-09        2.139710E-01       -3.108839E-02        0.000000E+00        0.000000E+00
    7.56343        3.298672E-09        2.173538E-01        9.922540E-02       -0.000000E+00       -0.000000E+00
    7.67148        3.298672E-09        1.858631E-01       -2.530678E-02       -0.000000E+00       -0.000000E+00
    7.77953        3.298672E-09        1.588775E-01        7.645060E-03       -0.000000E+00        0.000000E+00
    7.88758        3.298672E-09        1.275413E-01        1.188940E-01        0.000000E+00       -0.000000E+00
    7.99562        3.298672E-09        6.270936E-02        4.954989E-03        0.000000E+00       -0.000000E+00
    8.10367        3.298672E-09        6.809466E-04       -2.108836E-02        0.000000E+00        0.000000E+00
    8.21172        3.298672E-09       -5.046360E-02        5.354454E-03        0.000000E+00       -0.000000E+00
    8.31977        3.298672E-09       -9.747598E-02        5.970801E-02        0.000000E+00        0.000000E+00
    8.42782        3.298672E-09       -1.535751E-01       -5.648274E-02       -0.000000E+00        0.000000E+00
    8.53587        3.298672E-09       -1.868716E-01        2.280821E-03        0.000000E+00        0.000000E+00
    0.10805        3.298672E-09       -1.000000E+00       -4.869695E-02       -0.000000E+00        0.000000E+00
    0.21610        3.298672E-09       -9.637061E-01       -3.227755E-02       -0.000000E+00        0.000000E+00
    0.32415        3.298672E-09       -8.971927E-01       -2.300900E-02       -0.000000E+00        0.000000E+00
    0.43220        3.298672E-09       -8.053100E-01        6.090368E-02        0.000000E+00       -0.000000E+00
    0.54024        3.298672E-09       -7.108548E-01        2.230877E-02       -0.000000E+00       -0.000000E+00
    0.64829        3.298672E-09       -6.072714E-01        4.042096E-02        0.000000E+00        0.000000E+00
    0.75634        3.298672E-09       -5.018732E-01        4.101587E-03        0.000000E+00        0.000000E+00
    0.86439        3.298672E-09       -3.887784E-01        3.771865E-02       -0.000000E+00        0.000000E+00
    0.97244        3.298672E-09       -2.794580E-01        1.725185E-02       -0.000000E+00       -0.000000E+00
    1.08049        3.298672E-09       -1.717891E-01        1.220603E-02       -0.000000E+00       -0.000000E+00
    1.18854        3.298672E-09       -6.750018E-02        1.075953E-02       -0.000000E+00        0.000000E+00
    1.29659        3.298672E-09        3.083114E-02       -4.208535E-04       -0.000000E+00       -0.000000E+00
    1.40464        3.298672E-09        1.233499E-01        5.678312E-02        0.000000E+00       -0.000000E+00
    1.51269        3.298672E-09        1.916684E-01        2.988773E-02        0.000000E+00       -0.000000E+00
    1.62073        3.298672E-09        2.415599E-01        6.329248E-02        0.000000E+00        0.000000E+00
    1.72878        3.298672E-09        2.624675E-01        3.551425E-02        0.000000E+00        0.000000E+00
    1.83683        3.298672E-09        2.633815E-01        8.766838E-03        0.000000E+00        0.000000E+00
    1.94488        3.298672E-09        2.536260E-01        1.368219E-02       -0.000000E+00       -0.000000E+00
    2.05293        3.298672E-09        2.331173E-01        2.550355E-02        0.000000E+00        0.000000E+00
    2.16098        3.298672E-09        2.002400E-01        1.481108E-02        0.000000E+00        0.000000E+00
    2.26903        3.298672E-09        1.603558E-01        1.461252E-01       -0.000000E+00       -0.000000E+00
    2.37708        3.298672E-09        7.901146E-02       -9.245657E-02        0.000000E+00       -0.000000E+00
    2.48513        3.298672E-09        2.820249E-02        2.920833E-02       -0.000000E+00        0.000000E+00
    2.59318        3.298672E-09       -2.681033E-02        2.967883E-02       -0.000000E+00        0.000000E+00
    2.70122        3.298672E-09       -8.429964E-02        1.789133E-02        0.000000E+00        0.000000E+00
    2.80927        3.298672E-09       -1.395198E-01       -2.012936E-02       -0.000000E+00        0.000000E+00
    2.91732        3.298672E-09       -1.815923E-01        4.577494E-02        0.000000E+00        0.000000E+00
    3.02537        3.298672E-09       -2.273121E-01        3.370490E-02        0.000000E+00        0.000000E+00
    3.13342        3.298672E-09       -2.721790E-01       -3.577712E-02       -0.000000E+00       -0.000000E+00
    3.24147        3.298672E-09       -2.977933E-01       -9.157480E-02        0.000000E+00       -0.000000E+00
    3.34952        3.298672E-09       -2.910274E-01       -8.106900E-03       -0.000000E+00        0.000000E+00
    3.45757        3.298672E-09       -2.747700E-01        7.823666E-02       -0.000000E+00       -0.000000E+00
    3.56562        3.298672E-09       -2.715056E-01       -8.863449E-02        0.000000E+00       -0.000000E+00
    3.67367        3.298672E-09       -2.389496E-01        4.862604E-02       -0.000000E+00       -0.000000E+00
    3.78171        3.298672E-09       -2.139002E-01       -3.598597E-02        0.000000E+00       -0.000000E+00
    3.88976        3.298672E-09       -1.753622E-01       -3.127870E-02        0.000000E+00       -0.000000E+00
    3.99781        3.298672E-09       -1.262340E-01        8.636142E-02        0.000000E+00        0.000000E+00
    4.10586        3.298672E-09       -9.850699E-02        3.751330E-02        0.000000E+00       -0.000000E+00
    4.21391        3.298672E-09       -7.936398E-02        8.008168E-02        0.000000E+00       -0.000000E+00
    4.32196        3.298672E-09       -7.990402E-02        4.743530E-02       -0.000000E+00       -0.000000E+00
    4.43001        3.298672E-09       -9.038791E-02       -7.606318E-02        0.000000E+00        0.000000E+00
    4.53806        3.298672E-09       -7.790737E-02        1.189627E-01        0.000000E+00       -0.000000E+00
    4.64611        3.298672E-09       -9.481673E-02        6.906662E-02        0.000000E+00        0.000000E+00
    4.75416        3.298672E-09       -1.256583E-01        6.408384E-02       -0.000000E+00        0.000000E+00
    4.86220        3.298672E-09       -1.672052E-01        4.622865E-02        0.000000E+00        0.000000E+00
    4.97025        3.298672E-09       -2.129354E-01        2.441644E-02       -0.000000E+00        0.000000E+00
    5.07830        3.298672E-09       -2.558338E-01       -6.414722E-02        0.000000E+00        0.000000E+00
    5.18635        3.298672E-09       -2.728854E-01        6.779253E-02        0.000000E+00       -0.000000E+00
    5.29440        3.298672E-09       -2.983917E-01       -5.315180E-02        0.000000E+00        0.000000E+00
    5.40245        3.298672E-09       -3.010583E-01        1.023580E-02        0.000000E+00       -0.000000E+00
    5.51050        3.298672E-09       -2.979862E-01        8.740868E-02       -0.000000E+00        0.000000E+00
    5.61855        3.298672E-09       -3.087655E-01        6.566371E-02       -0.000000E+00       -0.000000E+00
    5.72660        3.298672E-09       -3.268694E-01       -5.708244E-02       -0.000000E+00        0.000000E+00
    5.83465        3.298672E-09       -3.209913E-01        3.082653E-02       -0.000000E+00       -0.000000E+00
    5.94269        3.298672E-09       -3.144505E-01        8.263499E-03       -0.000000E+00        0.000000E+00
    6.05074        3.298672E-09       -3.018678E-01        9.290580E-02       -0.000000E+00        0.000000E+00
    6.15879        3.298672E-09       -3.049266E-01       -2.175881E-02       -0.000000E+00        0.000000E+00
    6.26684        3.298672E-09       -2.941831E-01        9.477009E-02       -0.000000E+00        0.000000E+00
    6.37489        3.298672E-09       -2.996693E-01       -9.598400E-02       -0.000000E+00        0.000000E+00
    6.48294        3.298672E-09       -2.729000E-01       -2.914888E-02        0.000000E+00       -0.000000E+00
    6.59099        3.298672E-09       -2.329555E-01        9.391744E-02       -0.000000E+00       -0.000000E+00
    6.69904        3.298672E-09       -2.124443E-01        4.085150E-02       -0.000000E+00        0.000000E+00
    6.80709        3.298672E-09       -1.976011E-01       -4.927612E-02        0.000000E+00       -0.000000E+00
    6.91514        3.298672E-09       -1.657454E-01        4.685070E-02       -0.000000E+00       -0.000000E+00
    7.02318        3.298672E-09       -1.430684E-01       -3.543081E-02        0.000000E+00        0.000000E+00
    7.13123        3.298672E-09       -1.087173E-01       -2.515545E-02       -0.000000E+00       -0.000000E+00
    7.23928        3.298672E-09       -6.688471E-02       -1.248641E-02       -0.000000E+00        0.000000E+00
    7.34733        3.298672E-09       -2.240139E-02        7.625980E-02        0.000000E+00       -0.000000E+00
    7.45538        3.298672E-09        2.503289E-05        1.106762E-03       -0.000000E+00       -0.000000E+00
    7.56343        3.298672E-09        2.073003E-02        3.528293E-03        0.000000E+00       -0.000000E+00
    7.67148        3.298672E-09        3.856664E-02       -3.085595E-02        0.000000E+00       -0.000000E+00
    7.77953        3.298672E-09        6.235769E-02        9.799216E-03        0.000000E+00       -0.000000E+00
    7.88758        3.298672E-09        8.013400E-02       -3.022304E-02       -0.000000E+00       -0.000000E+00
    7.99562        3.298672E-09        1.025400E-01        4.629837E-02        0.000000E+00        0.000000E+00
    8.10367        3.298672E-09        1.078275E-01        5.913645E-02       -0.000000E+00        0.000000E+00
    8.21172        3.298672E-09        9.353525E-02       -1.355953E-01        0.000000E+00       -0.000000E+00
    8.31977        3.298672E-09        1.145073E-01        1.429748E-02        0.000000E+00       -0.000000E+00
    8.42782        3.298672E-09        1.267647E-01        1.086432E-02       -0.000000E+00        0.000000E+00
    8.53587        3.298672E-09        1.314620E-01        4.397399E-02        0.000000E+00       -0.000000E+00
    0.10805        3.298672E-09       -1.000000E+00        6.718091E-02       -0.000000E+00       -0.000000E+00
    0.21610        3.298672E-09       -9.905249E-01        4.481525E-03        0.000000E+00       -0.000000E+00
    0.32415        3.298672E-09       -9.576709E-01       -1.761536E-02       -0.000000E+00        0.000000E+00
    0.43220        3.298672E-09       -8.980115E-01       -2.455731E-02        0.000000E+00        0.000000E+00
    0.54024        3.298672E-09       -8.123573E-01       -2.009877E-02       -0.000000E+00        0.000000E+00
    0.64829        3.298672E-09       -7.047441E-01        3.994833E-02       -0.000000E+00        0.000000E+00
    0.75634        3.298672E-09       -5.927604E-01        3.489029E-02        0.000000E+00       -0.000000E+00
    0.86439        3.298672E-09       -4.782923E-01       -2.983997E-02        0.000000E+00        0.000000E+00
    0.97244        3.298672E-09       -3.488062E-01        3.709505E-02       -0.000000E+00       -0.000000E+00
    1.08049        3.298672E-09       -2.245243E-01       -1.229568E-01        0.000000E+00        0.000000E+00
    1.18854        3.298672E-09       -6.859329E-02       -2.564037E-02       -0.000000E+00       -0.000000E+00
    1.29659        3.298672E-09        8.980516E-02        2.373927E-02       -0.000000E+00       -0.000000E+00
    1.40464        3.298672E-09        2.331320E-01       -2.863667E-02        0.000000E+00       -0.000000E+00
    1.51269        3.298672E-09        3.716302E-01        1.672187E-02        0.000000E+00       -0.000000E+00
    1.62073        3.298672E-09        4.873689E-01        1.310453E-01        0.000000E+00       -0.000000E+00
    1.72878        3.298672E-09        5.376558E-01       -1.498144E-04        0.000000E+00        0.000000E+00
    1.83683        3.298672E-09        5.640232E-01       -8.744270E-02       -0.000000E+00        0.000000E+00
    1.94488        3.298672E-09        5.970005E-01       -7.735445E-02        0.000000E+00        0.000000E+00
    2.05293        3.298672E-09        6.313118E-01        5.053874E-03        0.000000E+00       -0.000000E+00
    2.16098        3.298672E-09        6.350832E-01        3.400270E-02        0.000000E+00       -0.000000E+00
    2.26903        3.298672E-09        6.007267E-01        9.704289E-02        0.000000E+00        0.000000E+00
    2.37708        3.298672E-09        5.143515E-01        3.892857E-02        0.000000E+00       -0.000000E+00
    2.48513        3.298672E-09        4.117321E-01       -1.308630E-01        0.000000E+00        0.000000E+00
    2.59318        3.298672E-09        3.519542E-01       -6.346102E-02        0.000000E+00       -0.000000E+00
    2.70122        3.298672E-09        3.073677E-01        1.047497E-01        0.000000E+00       -0.000000E+00
    2.80927        3.298672E-09        2.273249E-01       -7.385998E-02        0.000000E+00       -0.000000E+00
    2.91732        3.298672E-09        1.704079E-01       -3.429192E-02        0.000000E+00        0.000000E+00
    3.02537        3.298672E-09        1.236384E-01        3.429754E-02        0.000000E+00        0.000000E+00
    3.13342        3.298672E-09        6.820800E-02        6.864724E-02        0.000000E+00       -0.000000E+00
    3.24147        3.298672E-09       -2.661094E-03       -6.516171E-02        0.000000E+00        0.000000E+00
    3.34952        3.298672E-09       -5.006913E-02        6.256834E-02       -0.000000E+00       -0.000000E+00
    3.45757        3.298672E-09       -1.086015E-01        3.575613E-02        0.000000E+00        0.000000E+00
    3.56562        3.298672E-09       -1.687763E-01       -1.068690E-01        0.000000E+00       -0.000000E+00
    3.67367        3.298672E-09       -1.926968E-01        4.790900E-02        0.000000E+00       -0.000000E+00
    3.78171        3.298672E-09       -2.218303E-01       -1.890972E-02        0.000000E+00        0.000000E+00
    3.88976        3.298672E-09       -2.382061E-01        5.837959E-02       -0.000000E+00        0.000000E+00
    3.99781        3.298672E-09       -2.616880E-01        3.964099E-02       -0.000000E+00        0.000000E+00
    4.10586        3.298672E-09       -2.864790E-01        1.784922E-02       -0.000000E+00       -0.000000E+00
    4.21391        3.298672E-09       -3.064172E-01       -7.730589E-02        0.000000E+00        0.000000E+00
    4.32196        3.298672E-09       -2.976998E-01       -4.766071E-02        0.000000E+00       -0.000000E+00
    4.43001        3.298672E-09       -2.696038E-01        4.620319E-02       -0.000000E+00        0.000000E+00
    4.53806        3.298672E-09       -2.472943E-01       -1.107337E-01        0.000000E+00       -0.000000E+00
    4.64611        3.298672E-09       -1.917782E-01        2.167242E-02       -0.000000E+00        0.000000E+00
    4.75416        3.298672E-09       -1.394698E-01       -6.463869E-02       -0.000000E+00       -0.000000E+00
    4.86220        3.298672E-09       -6.967569E-02       -6.564955E-02        0.000000E+00       -0.000000E+00
    4.97025        3.298672E-09        1.531103E-02        2.090804E-02       -0.000000E+00        0.000000E+00
    5.07830        3.298672E-09        8.975568E-02        1.058206E-01       -0.000000E+00        0.000000E+00
    5.18635        3.298672E-09        1.286279E-01       -2.934641E-02        0.000000E+00        0.000000E+00
    5.29440        3.298672E-09        1.691362E-01       -3.518848E-02       -0.000000E+00        0.000000E+00
    5.40245        3.298672E-09        2.115795E-01       -9.517240E-02       -0.000000E+00        0.000000E+00
    5.51050        3.298672E-09        2.714731E-01       -2.676935E-03       -0.000000E+00       -0.000000E+00
    5.61855        3.298672E-09        3.196120E-01       -7.972845E-02       -0.000000E+00       -0.000000E+00
    5.72660        3.298672E-09        3.775825E-01        1.308300E-02        0.000000E+00        0.000000E+00
    5.83465        3.298672E-09        4.149225E-01       -1.459626E-02        0.000000E+00        0.000000E+00
    5.94269        3.298672E-09        4.397796E-01       -1.569018E-01       -0.000000E+00        0.000000E+00
    6.05074        3.298672E-09        4.970263E-01        2.799660E-02       -0.000000E+00       -0.000000E+00
    6.15879        3.298672E-09        5.229068E-01        4.172697E-02       -0.000000E+00        0.000000E+00
    6.26684        3.298672E-09        5.134654E-01       -3.749041E-02       -0.000000E+00        0.000000E+00
    6.37489        3.298672E-09        4.995204E-01        8.380986E-02       -0.000000E+00        0.000000E+00
    6.48294        3.298672E-09        4.422734E-01       -8.434503E-02        0.000000E+00       -0.000000E+00
    6.59099        3.298672E-09        4.047553E-01        2.465046E-03       -0.000000E+00        0.000000E+00
    6.69904        3.298672E-09        3.577360E-01        2.594800E-02       -0.000000E+00       -0.000000E+00
    6.80709        3.298672E-09        2.970195E-01        1.219967E-01        0.000000E+00       -0.000000E+00
    6.91514        3.298672E-09        1.983819E-01        3.367149E-02       -0.000000E+00       -0.000000E+00
    7.02318        3.298672E-09        9.565699E-02        1.986009E-02        0.000000E+00       -0.000000E+00
    7.13123        3.298672E-09       -4.605934E-03       -5.406295E-03        0.000000E+00       -0.000000E+00
    7.23928        3.298672E-09       -9.399204E-02        2.458035E-02        0.000000E+00        0.000000E+00
    7.34733        3.298672E-09       -1.796333E-01       -5.850255E-02       -0.000000E+00        0.000000E+00
    7.45538        3.298672E-09       -2.389162E-01       -2.518033E-03       -0.000000E+00        0.000000E+00
    7.56343        3.298672E-09       -2.869412E-01        2.932305E-02       -0.000000E+00        0.000000E+00
    7.67148        3.298672E-09       -3.313665E-01       -7.964605E-02       -0.000000E+00       -0.000000E+00
    7.77953        3.298672E-09       -3.444192E-01        1.070460E-02       -0.000000E+00       -0.000000E+00
    7.88758        3.298672E-09       -3.501251E-01       -4.263713E-02       -0.000000E+00       -0.000000E+00
    7.99562        3.298672E-09       -3.356266E-01        1.032554E-02        0.000000E+00       -0.000000E+00
    8.10367        3.298672E-09       -3.154840E-01       -2.395650E-02        0.000000E+00        0.000000E+00
    8.21172        3.298672E-09       -2.820338E-01        2.500193E-02        0.000000E+00        0.000000E+00
    8.31977        3.298672E-09       -2.490100E-01       -5.285094E-03        0.000000E+00       -0.000000E+00
    8.42782        3.298672E-09       -2.097216E-01       -2.222771E-02       -0.000000E+00       -0.000000E+00
    8.53587        3.298672E-09       -1.612702E-01        2.470670E-02       -0.000000E+00       -0.000000E+00
