BEHD @ YYE. Sim. done on 2023-10-28   12h45
### Sim. w/ κ =    0.400 ; and ∆_0 =  2.00; T =    2.98E+05
 ## r =  1.00E-06 ; rhosty =  1.05E+03 ; rhosol =  1.00E+03
 ## k =  2.00 ; ∆_eq =  2.00 ; num_particle =      10
  Time        Position ∆        γ_z        Veloctiy ∆        Fz total        electro î        spurious        Noise z
 
 
    0.10805     2.0000E+00     3.5355E-01     0.0000E+00    -1.0000E+00     0.0000E+00     2.2329-314     6.1059E-03
    0.21610     1.9882E+00     3.5671E-01    -1.0926E-01    -9.7639E-01     0.0000E+00     2.2329-314     8.5994E-02
    0.32415     1.9746E+00     3.6040E-01    -1.2587E-01    -9.4919E-01     0.0000E+00     2.2329-314    -4.4264E-03
    0.43220     1.9491E+00     3.6749E-01    -2.3582E-01    -8.9823E-01     0.0000E+00     2.2329-314    -9.1908E-02
    0.54024     1.9026E+00     3.8104E-01    -4.3023E-01    -8.0526E-01     0.0000E+00     2.2329-314     2.1799E-02
    0.64829     1.8503E+00     3.9732E-01    -4.8442E-01    -7.0057E-01     0.0000E+00     2.2329-314     1.3445E-02
    0.75634     1.7926E+00     4.1664E-01    -5.3360E-01    -5.8527E-01     0.0000E+00     2.2329-314     3.1278E-02
    0.86439     1.7335E+00     4.3816E-01    -5.4770E-01    -4.6691E-01     0.0000E+00     2.2329-314    -1.4751E-03
    0.97244     1.6704E+00     4.6320E-01    -5.8348E-01    -3.4082E-01     0.0000E+00     2.2329-314     3.7260E-02
    1.08049     1.6101E+00     4.8948E-01    -5.5859E-01    -2.2011E-01     0.0000E+00     2.2329-314    -2.3637E-02
    1.18854     1.5464E+00     5.2003E-01    -5.8933E-01    -9.2756E-02     0.0000E+00     2.2329-314    -3.8925E-02
    1.29659     1.4792E+00     5.5586E-01    -6.2180E-01     4.1613E-02     0.0000E+00     2.2329-314    -7.4696E-03
    1.40464     1.4145E+00     5.9440E-01    -5.9835E-01     1.7091E-01     0.0000E+00     2.2329-314    -5.3891E-02
    1.51269     1.3479E+00     6.3903E-01    -6.1696E-01     3.0424E-01     0.0000E+00     2.2329-314    -1.6664E-02
    1.62073     1.2865E+00     6.8534E-01    -5.6842E-01     4.2707E-01     0.0000E+00     2.2329-314    -3.2273E-02
    1.72878     1.2300E+00     7.3306E-01    -5.2250E-01     5.3998E-01     0.0000E+00     2.2329-314     9.5282E-02
    1.83683     1.2023E+00     7.5850E-01    -2.5598E-01     5.9530E-01     0.0000E+00     2.2329-314    -6.6416E-02
    1.94488     1.1767E+00     7.8343E-01    -2.3733E-01     6.4659E-01     0.0000E+00     2.2329-314    -9.6244E-03
    2.05293     1.1647E+00     7.9552E-01    -1.1066E-01     6.7050E-01     0.0000E+00     2.2329-314    -7.7233E-02
    2.16098     1.1532E+00     8.0753E-01    -1.0716E-01     6.9366E-01     0.0000E+00     2.2329-314    -8.4844E-02
    2.26903     1.1409E+00     8.2057E-01    -1.1337E-01     7.1816E-01     0.0000E+00     2.2329-314    -2.3458E-02
    2.37708     1.1412E+00     8.2030E-01     2.3180E-03     7.1765E-01     0.0000E+00     2.2329-314    -1.0427E-01
    2.48513     1.1356E+00     8.2637E-01    -5.1748E-02     7.2884E-01     0.0000E+00     2.2329-314    -3.2348E-02
    2.59318     1.1402E+00     8.2136E-01     4.2659E-02     7.1962E-01     0.0000E+00     2.2329-314     2.7817E-02
    2.70122     1.1653E+00     7.9493E-01     2.3264E-01     6.6935E-01     0.0000E+00     2.2329-314     5.9012E-02
    2.80927     1.2105E+00     7.5088E-01     4.1773E-01     5.7908E-01     0.0000E+00     2.2329-314     8.6658E-02
    2.91732     1.2727E+00     6.9647E-01     5.7615E-01     4.5457E-01     0.0000E+00     2.2329-314     1.2731E-01
    3.02537     1.3520E+00     6.3611E-01     7.3388E-01     2.9598E-01     0.0000E+00     2.2329-314     5.7267E-02
    3.13342     1.4323E+00     5.8337E-01     7.4312E-01     1.3539E-01     0.0000E+00     2.2329-314     4.6411E-02
    3.24147     1.5111E+00     5.3836E-01     7.2906E-01    -2.2154E-02     0.0000E+00     2.2329-314     6.4723E-02
    3.34952     1.5900E+00     4.9879E-01     7.3005E-01    -1.7992E-01     0.0000E+00     2.2329-314     1.1194E-01
    3.45757     1.6736E+00     4.6185E-01     7.7456E-01    -3.4730E-01     0.0000E+00     2.2329-314    -2.1828E-03
    3.56562     1.7460E+00     4.3344E-01     6.6965E-01    -4.9201E-01     0.0000E+00     2.2329-314     1.7083E-02
    3.67367     1.8092E+00     4.1094E-01     5.8473E-01    -6.1837E-01     0.0000E+00     2.2329-314     7.0960E-02
    3.78171     1.8691E+00     3.9134E-01     5.5457E-01    -7.3821E-01     0.0000E+00     2.2329-314     2.8104E-02
    3.88976     1.9197E+00     3.7598E-01     4.6790E-01    -8.3932E-01     0.0000E+00     2.2329-314    -6.6104E-02
    3.99781     1.9493E+00     3.6743E-01     2.7458E-01    -8.9866E-01     0.0000E+00     2.2329-314     3.1875E-02
    4.10586     1.9700E+00     3.6165E-01     1.9150E-01    -9.4004E-01     0.0000E+00     2.2329-314    -1.7636E-02
    4.21391     1.9759E+00     3.6003E-01     5.4787E-02    -9.5188E-01     0.0000E+00     2.2329-314     8.5648E-02
    4.32196     1.9796E+00     3.5903E-01     3.3902E-02    -9.5921E-01     0.0000E+00     2.2329-314     1.6140E-02
    4.43001     1.9730E+00     3.6085E-01    -6.1561E-02    -9.4590E-01     0.0000E+00     2.2329-314    -4.6311E-02
    4.53806     1.9493E+00     3.6743E-01    -2.1872E-01    -8.9864E-01     0.0000E+00     2.2329-314    -3.6598E-02
    4.64611     1.9111E+00     3.7852E-01    -3.5417E-01    -8.2210E-01     0.0000E+00     2.2329-314     3.9303E-06
    4.75416     1.8639E+00     3.9298E-01    -4.3655E-01    -7.2776E-01     0.0000E+00     2.2329-314    -1.7783E-02
    4.86220     1.8072E+00     4.1162E-01    -5.2463E-01    -6.1439E-01     0.0000E+00     2.2329-314    -3.4721E-02
    4.97025     1.7407E+00     4.3543E-01    -6.1546E-01    -4.8140E-01     0.0000E+00     2.2329-314     3.6298E-02
    5.07830     1.6749E+00     4.6132E-01    -6.0873E-01    -3.4985E-01     0.0000E+00     2.2329-314     5.2683E-02
    5.18635     1.6137E+00     4.8783E-01    -5.6675E-01    -2.2738E-01     0.0000E+00     2.2329-314     6.5647E-02
    5.29440     1.5603E+00     5.1309E-01    -4.9428E-01    -1.2056E-01     0.0000E+00     2.2329-314    -3.3345E-02
    5.40245     1.5034E+00     5.4246E-01    -5.2599E-01    -6.8977E-03     0.0000E+00     2.2329-314     1.3076E-01
    5.51050     1.4665E+00     5.6312E-01    -3.4242E-01     6.7099E-02     0.0000E+00     2.2329-314     3.6380E-02
    5.61855     1.4374E+00     5.8025E-01    -2.6853E-01     1.2513E-01     0.0000E+00     2.2329-314    -8.7287E-02
    5.72660     1.4001E+00     6.0359E-01    -3.4518E-01     1.9972E-01     0.0000E+00     2.2329-314    -7.1241E-02
    5.83465     1.3581E+00     6.3181E-01    -3.8877E-01     2.8374E-01     0.0000E+00     2.2329-314     3.8993E-02
    5.94269     1.3288E+00     6.5286E-01    -2.7166E-01     3.4244E-01     0.0000E+00     2.2329-314     1.6429E-02
    6.05074     1.3095E+00     6.6733E-01    -1.7847E-01     3.8101E-01     0.0000E+00     2.2329-314    -5.4153E-02
    6.15879     1.2898E+00     6.8270E-01    -1.8257E-01     4.2046E-01     0.0000E+00     2.2329-314    -1.0695E-01
    6.26684     1.2621E+00     7.0531E-01    -2.5647E-01     4.7588E-01     0.0000E+00     2.2329-314     1.9291E-02
    6.37489     1.2480E+00     7.1729E-01    -1.3037E-01     5.0405E-01     0.0000E+00     2.2329-314    -2.4780E-02
    6.48294     1.2401E+00     7.2415E-01    -7.3068E-02     5.1984E-01     0.0000E+00     2.2329-314     8.6349E-02
    6.59099     1.2567E+00     7.0981E-01     1.5402E-01     4.8656E-01     0.0000E+00     2.2329-314     2.4798E-02
    6.69904     1.2836E+00     6.8763E-01     2.4877E-01     4.3280E-01     0.0000E+00     2.2329-314     3.2618E-02
    6.80709     1.3192E+00     6.5997E-01     3.2973E-01     3.6155E-01     0.0000E+00     2.2329-314     3.2553E-02
    6.91514     1.3610E+00     6.2985E-01     3.8619E-01     2.7809E-01     0.0000E+00     2.2329-314    -6.5200E-02
    7.02318     1.3925E+00     6.0858E-01     2.9169E-01     2.1506E-01     0.0000E+00     2.2329-314     6.2099E-02
    7.13123     1.4327E+00     5.8316E-01     3.7194E-01     1.3468E-01     0.0000E+00     2.2329-314    -7.7372E-02
    7.23928     1.4601E+00     5.6680E-01     2.5393E-01     7.9808E-02     0.0000E+00     2.2329-314    -1.8758E-02
    7.34733     1.4837E+00     5.5335E-01     2.1809E-01     3.2679E-02     0.0000E+00     2.2329-314     2.3592E-02
    7.45538     1.5088E+00     5.3957E-01     2.3280E-01    -1.7629E-02     0.0000E+00     2.2329-314    -6.1699E-02
    7.56343     1.5235E+00     5.3177E-01     1.3624E-01    -4.7070E-02     0.0000E+00     2.2329-314     1.2194E-01
    7.67148     1.5524E+00     5.1702E-01     2.6679E-01    -1.0472E-01     0.0000E+00     2.2329-314     4.9642E-02
    7.77953     1.5839E+00     5.0167E-01     2.9175E-01    -1.6777E-01     0.0000E+00     2.2329-314    -4.3469E-02
    7.88758     1.6052E+00     4.9169E-01     1.9755E-01    -2.1046E-01     0.0000E+00     2.2329-314    -4.2584E-03
    7.99562     1.6217E+00     4.8423E-01     1.5232E-01    -2.4337E-01     0.0000E+00     2.2329-314    -2.1358E-02
    8.10367     1.6311E+00     4.8005E-01     8.6856E-02    -2.6214E-01     0.0000E+00     2.2329-314     5.2921E-02
    8.21172     1.6429E+00     4.7487E-01     1.0965E-01    -2.8584E-01     0.0000E+00     2.2329-314     3.9045E-02
    8.31977     1.6550E+00     4.6967E-01     1.1202E-01    -3.1004E-01     0.0000E+00     2.2329-314    -6.2122E-03
    8.42782     1.6614E+00     4.6695E-01     5.9375E-02    -3.2288E-01     0.0000E+00     2.2329-314     6.3829E-02
    8.53587     1.6710E+00     4.6294E-01     8.8796E-02    -3.4206E-01     0.0000E+00     2.2329-314     6.9091E-02
 
 
    0.10805     2.0000E+00     3.5355E-01     0.0000E+00    -1.0000E+00     0.0000E+00     2.2329-314    -3.1316E-03
    0.21610     1.9871E+00     3.5699E-01    -1.1915E-01    -9.7425E-01     0.0000E+00     2.2329-314    -7.4351E-02
    0.32415     1.9539E+00     3.6613E-01    -3.0714E-01    -9.0788E-01     0.0000E+00     2.2329-314    -4.3450E-02
    0.43220     1.9056E+00     3.8016E-01    -4.4778E-01    -8.1111E-01     0.0000E+00     2.2329-314     1.9972E-02
    0.54024     1.8511E+00     3.9706E-01    -5.0407E-01    -7.0219E-01     0.0000E+00     2.2329-314     1.4367E-02
    0.64829     1.7915E+00     4.1705E-01    -5.5181E-01    -5.8294E-01     0.0000E+00     2.2329-314     2.5034E-02
    0.75634     1.7297E+00     4.3960E-01    -5.7199E-01    -4.5934E-01     0.0000E+00     2.2329-314    -2.2734E-02
    0.86439     1.6616E+00     4.6689E-01    -6.3004E-01    -3.2319E-01     0.0000E+00     2.2329-314    -9.7804E-02
    0.97244     1.5799E+00     5.0358E-01    -7.5634E-01    -1.5974E-01     0.0000E+00     2.2329-314     2.1575E-02
    1.08049     1.5018E+00     5.4335E-01    -7.2257E-01    -3.5979E-03     0.0000E+00     2.2329-314    -3.6173E-02
    1.18854     1.4220E+00     5.8976E-01    -7.3897E-01     1.5609E-01     0.0000E+00     2.2329-314    -2.1934E-02
    1.29659     1.3444E+00     6.4155E-01    -7.1823E-01     3.1130E-01     0.0000E+00     2.2329-314     2.4954E-02
    1.40464     1.2781E+00     6.9210E-01    -6.1339E-01     4.4385E-01     0.0000E+00     2.2329-314    -1.0461E-03
    1.51269     1.2219E+00     7.4037E-01    -5.1996E-01     5.5621E-01     0.0000E+00     2.2329-314     5.1552E-03
    1.62073     1.1796E+00     7.8050E-01    -3.9104E-01     6.4072E-01     0.0000E+00     2.2329-314    -4.0754E-02
    1.72878     1.1455E+00     8.1561E-01    -3.1559E-01     7.0891E-01     0.0000E+00     2.2329-314     9.0195E-03
    1.83683     1.1316E+00     8.3072E-01    -1.2897E-01     7.3678E-01     0.0000E+00     2.2329-314    -8.9448E-02
    1.94488     1.1172E+00     8.4681E-01    -1.3309E-01     7.6554E-01     0.0000E+00     2.2329-314    -2.5690E-02
    2.05293     1.1171E+00     8.4693E-01    -9.8232E-04     7.6576E-01     0.0000E+00     2.2329-314    -4.6542E-02
    2.16098     1.1246E+00     8.3851E-01     6.9103E-02     7.5082E-01     0.0000E+00     2.2329-314    -1.1524E-02
    2.26903     1.1451E+00     8.1603E-01     1.9029E-01     7.0970E-01     0.0000E+00     2.2329-314    -3.8378E-02
    2.37708     1.1689E+00     7.9133E-01     2.1939E-01     6.6229E-01     0.0000E+00     2.2329-314    -5.5595E-02
    2.48513     1.1907E+00     7.6962E-01     2.0253E-01     6.1853E-01     0.0000E+00     2.2329-314    -2.8664E-03
    2.59318     1.2202E+00     7.4189E-01     2.7289E-01     5.5955E-01     0.0000E+00     2.2329-314    -6.2693E-02
    2.70122     1.2442E+00     7.2056E-01     2.2180E-01     5.1162E-01     0.0000E+00     2.2329-314     9.4070E-02
    2.80927     1.2892E+00     6.8312E-01     4.1697E-01     4.2152E-01     0.0000E+00     2.2329-314    -1.3922E-01
    2.91732     1.3128E+00     6.6483E-01     2.1787E-01     3.7444E-01     0.0000E+00     2.2329-314    -1.2545E-01
    3.02537     1.3204E+00     6.5905E-01     7.0921E-02     3.5911E-01     0.0000E+00     2.2329-314    -1.1389E-01
    3.13342     1.3159E+00     6.6248E-01    -4.2227E-02     3.6823E-01     0.0000E+00     2.2329-314    -3.6059E-02
    3.24147     1.3122E+00     6.6525E-01    -3.3791E-02     3.7554E-01     0.0000E+00     2.2329-314     6.3411E-03
    3.34952     1.3160E+00     6.6241E-01     3.4695E-02     3.6804E-01     0.0000E+00     2.2329-314    -2.6098E-02
    3.45757     1.3213E+00     6.5840E-01     4.9402E-02     3.5736E-01     0.0000E+00     2.2329-314     3.8265E-03
    3.56562     1.3324E+00     6.5020E-01     1.0262E-01     3.3519E-01     0.0000E+00     2.2329-314    -1.0728E-02
    3.67367     1.3460E+00     6.4035E-01     1.2612E-01     3.0793E-01     0.0000E+00     2.2329-314     5.8922E-02
    3.78171     1.3717E+00     6.2245E-01     2.3767E-01     2.5657E-01     0.0000E+00     2.2329-314    -6.4819E-02
    3.88976     1.3893E+00     6.1070E-01     1.6231E-01     2.2150E-01     0.0000E+00     2.2329-314    -1.5537E-02
    3.99781     1.4062E+00     5.9969E-01     1.5690E-01     1.8759E-01     0.0000E+00     2.2329-314     1.2613E-02
    4.10586     1.4261E+00     5.8718E-01     1.8420E-01     1.4779E-01     0.0000E+00     2.2329-314     5.7457E-02
    4.21391     1.4543E+00     5.7022E-01     2.6051E-01     9.1492E-02     0.0000E+00     2.2329-314     6.7341E-02
    4.32196     1.4903E+00     5.4968E-01     3.3317E-01     1.9494E-02     0.0000E+00     2.2329-314    -1.2821E-01
    4.43001     1.5063E+00     5.4092E-01     1.4851E-01    -1.2600E-02     0.0000E+00     2.2329-314    -9.1373E-02
    4.53806     1.5089E+00     5.3954E-01     2.3697E-02    -1.7720E-02     0.0000E+00     2.2329-314    -3.7940E-02
    4.64611     1.5060E+00     5.4110E-01    -2.6829E-02    -1.1923E-02     0.0000E+00     2.2329-314    -1.3931E-02
    4.75416     1.5012E+00     5.4367E-01    -4.3843E-02    -2.4484E-03     0.0000E+00     2.2329-314     6.6304E-03
    4.86220     1.4976E+00     5.4563E-01    -3.3375E-02     4.7639E-03     0.0000E+00     2.2329-314     4.5802E-02
    4.97025     1.5003E+00     5.4414E-01     2.5267E-02    -6.9626E-04     0.0000E+00     2.2329-314    -1.1038E-02
    5.07830     1.5014E+00     5.4358E-01     9.4860E-03    -2.7462E-03     0.0000E+00     2.2329-314    -3.9132E-02
    5.18635     1.4971E+00     5.4592E-01    -3.9695E-02     5.8319E-03     0.0000E+00     2.2329-314     4.7752E-02
    5.29440     1.4995E+00     5.4463E-01     2.1926E-02     1.0938E-03     0.0000E+00     2.2329-314     5.0030E-02
    5.40245     1.5082E+00     5.3988E-01     8.1243E-02    -1.6463E-02     0.0000E+00     2.2329-314     7.7115E-02
    5.51050     1.5262E+00     5.3036E-01     1.6649E-01    -5.2440E-02     0.0000E+00     2.2329-314    -1.8273E-02
    5.61855     1.5397E+00     5.2342E-01     1.2465E-01    -7.9378E-02     0.0000E+00     2.2329-314     1.5178E-01
    5.72660     1.5707E+00     5.0800E-01     2.8691E-01    -1.4138E-01     0.0000E+00     2.2329-314    -3.4086E-02
    5.83465     1.5930E+00     4.9735E-01     2.0674E-01    -1.8605E-01     0.0000E+00     2.2329-314    -2.1396E-02
    5.94269     1.6085E+00     4.9018E-01     1.4341E-01    -2.1704E-01     0.0000E+00     2.2329-314     8.1157E-02
    6.05074     1.6302E+00     4.8042E-01     2.0093E-01    -2.6047E-01     0.0000E+00     2.2329-314     3.3095E-02
    6.15879     1.6511E+00     4.7134E-01     1.9320E-01    -3.0222E-01     0.0000E+00     2.2329-314    -4.4530E-02
    6.26684     1.6610E+00     4.6712E-01     9.1979E-02    -3.2209E-01     0.0000E+00     2.2329-314    -3.4249E-02
    6.37489     1.6618E+00     4.6679E-01     7.1406E-03    -3.2363E-01     0.0000E+00     2.2329-314    -2.1923E-02
    6.48294     1.6555E+00     4.6948E-01    -5.8626E-02    -3.1097E-01     0.0000E+00     2.2329-314    -3.6096E-02
    6.59099     1.6408E+00     4.7577E-01    -1.3548E-01    -2.8169E-01     0.0000E+00     2.2329-314     1.3897E-02
    6.69904     1.6249E+00     4.8278E-01    -1.4725E-01    -2.4987E-01     0.0000E+00     2.2329-314     1.2902E-01
    6.80709     1.6227E+00     4.8379E-01    -2.0989E-02    -2.4533E-01     0.0000E+00     2.2329-314     6.3395E-02
    6.91514     1.6251E+00     4.8269E-01     2.2822E-02    -2.5026E-01     0.0000E+00     2.2329-314    -9.1219E-02
    7.02318     1.6126E+00     4.8832E-01    -1.1585E-01    -2.2523E-01     0.0000E+00     2.2329-314     3.0645E-02
    7.13123     1.6016E+00     4.9337E-01    -1.0204E-01    -2.0318E-01     0.0000E+00     2.2329-314     8.3540E-02
    7.23928     1.5990E+00     4.9459E-01    -2.4295E-02    -1.9793E-01     0.0000E+00     2.2329-314    -6.2545E-03
    7.34733     1.5930E+00     4.9738E-01    -5.5377E-02    -1.8596E-01     0.0000E+00     2.2329-314    -3.2960E-02
    7.45538     1.5806E+00     5.0322E-01    -1.1444E-01    -1.6123E-01     0.0000E+00     2.2329-314     3.7446E-02
    7.56343     1.5715E+00     5.0760E-01    -8.4236E-02    -1.4303E-01     0.0000E+00     2.2329-314     2.3181E-02
    7.67148     1.5639E+00     5.1130E-01    -7.0164E-02    -1.2786E-01     0.0000E+00     2.2329-314     6.0539E-02
    7.77953     1.5628E+00     5.1186E-01    -1.0619E-02    -1.2557E-01     0.0000E+00     2.2329-314    -4.2338E-02
    7.88758     1.5545E+00     5.1595E-01    -7.6544E-02    -1.0903E-01     0.0000E+00     2.2329-314    -5.8980E-02
    7.99562     1.5376E+00     5.2447E-01    -1.5623E-01    -7.5269E-02     0.0000E+00     2.2329-314    -2.5470E-02
    8.10367     1.5174E+00     5.3499E-01    -1.8719E-01    -3.4817E-02     0.0000E+00     2.2329-314     2.5810E-02
    8.21172     1.5013E+00     5.4363E-01    -1.4920E-01    -2.5752E-03     0.0000E+00     2.2329-314     5.5145E-02
    8.31977     1.4934E+00     5.4794E-01    -7.2870E-02     1.3172E-02     0.0000E+00     2.2329-314     2.6969E-02
    8.42782     1.4898E+00     5.4993E-01    -3.3394E-02     2.0388E-02     0.0000E+00     2.2329-314    -5.6672E-02
    8.53587     1.4792E+00     5.5586E-01    -9.8289E-02     4.1628E-02     0.0000E+00     2.2329-314    -8.6649E-03
 
 
    0.10805     2.0000E+00     3.5355E-01     0.0000E+00    -1.0000E+00     0.0000E+00     2.2329-314    -9.0736E-02
    0.21610     1.9770E+00     3.5974E-01    -2.1298E-01    -9.5398E-01     0.0000E+00     2.2329-314    -5.8858E-02
    0.32415     1.9361E+00     3.7121E-01    -3.7862E-01    -8.7216E-01     0.0000E+00     2.2329-314     5.2558E-02
    0.43220     1.8919E+00     3.8429E-01    -4.0913E-01    -7.8375E-01     0.0000E+00     2.2329-314     9.2814E-02
    0.54024     1.8504E+00     3.9730E-01    -3.8425E-01    -7.0071E-01     0.0000E+00     2.2329-314    -4.5773E-03
    0.64829     1.8010E+00     4.1373E-01    -4.5654E-01    -6.0205E-01     0.0000E+00     2.2329-314    -2.5128E-02
    0.75634     1.7429E+00     4.3458E-01    -5.3753E-01    -4.8589E-01     0.0000E+00     2.2329-314     1.0205E-01
    0.86439     1.6933E+00     4.5386E-01    -4.5994E-01    -3.8650E-01     0.0000E+00     2.2329-314    -3.4450E-02
    0.97244     1.6364E+00     4.7771E-01    -5.2610E-01    -2.7281E-01     0.0000E+00     2.2329-314    -5.7731E-02
    1.08049     1.5712E+00     5.0776E-01    -6.0355E-01    -1.4239E-01     0.0000E+00     2.2329-314    -6.0159E-03
    1.18854     1.5061E+00     5.4105E-01    -6.0277E-01    -1.2131E-02     0.0000E+00     2.2329-314     1.6896E-02
    1.29659     1.4459E+00     5.7518E-01    -5.5713E-01     1.0826E-01     0.0000E+00     2.2329-314     3.5192E-02
    1.40464     1.3949E+00     6.0700E-01    -4.7177E-01     2.1021E-01     0.0000E+00     2.2329-314     3.4648E-02
    1.51269     1.3547E+00     6.3420E-01    -3.7182E-01     2.9056E-01     0.0000E+00     2.2329-314     5.7969E-02
    1.62073     1.3301E+00     6.5192E-01    -2.2830E-01     3.3990E-01     0.0000E+00     2.2329-314    -3.2715E-02
    1.72878     1.3078E+00     6.6863E-01    -2.0587E-01     3.8439E-01     0.0000E+00     2.2329-314    -8.6952E-02
    1.83683     1.2804E+00     6.9025E-01    -2.5406E-01     4.3929E-01     0.0000E+00     2.2329-314     8.2595E-02
    1.94488     1.2756E+00     6.9414E-01    -4.4381E-02     4.4888E-01     0.0000E+00     2.2329-314     4.7080E-02
    2.05293     1.2863E+00     6.8544E-01     9.9753E-02     4.2732E-01     0.0000E+00     2.2329-314     3.8327E-02
    2.16098     1.3090E+00     6.6773E-01     2.0954E-01     3.8204E-01     0.0000E+00     2.2329-314    -1.3742E-01
    2.26903     1.3141E+00     6.6384E-01     4.7235E-02     3.7183E-01     0.0000E+00     2.2329-314     9.5130E-03
    2.37708     1.3261E+00     6.5484E-01     1.1121E-01     3.4780E-01     0.0000E+00     2.2329-314     1.8835E-02
    2.48513     1.3452E+00     6.4095E-01     1.7666E-01     3.0963E-01     0.0000E+00     2.2329-314    -8.5250E-02
    2.59318     1.3545E+00     6.3435E-01     8.6185E-02     2.9100E-01     0.0000E+00     2.2329-314    -2.8659E-02
    2.70122     1.3632E+00     6.2828E-01     8.0681E-02     2.7357E-01     0.0000E+00     2.2329-314    -7.2613E-02
    2.80927     1.3648E+00     6.2720E-01     1.4499E-02     2.7043E-01     0.0000E+00     2.2329-314     1.0885E-02
    2.91732     1.3719E+00     6.2230E-01     6.6155E-02     2.5614E-01     0.0000E+00     2.2329-314    -2.7376E-02
    3.02537     1.3784E+00     6.1794E-01     5.9674E-02     2.4324E-01     0.0000E+00     2.2329-314    -1.5432E-02
    3.13342     1.3857E+00     6.1304E-01     6.7877E-02     2.2857E-01     0.0000E+00     2.2329-314     5.9616E-02
    3.24147     1.4043E+00     6.0092E-01     1.7190E-01     1.9143E-01     0.0000E+00     2.2329-314    -1.3350E-02
    3.34952     1.4221E+00     5.8969E-01     1.6450E-01     1.5588E-01     0.0000E+00     2.2329-314     5.0068E-02
    3.45757     1.4474E+00     5.7427E-01     2.3461E-01     1.0518E-01     0.0000E+00     2.2329-314    -8.4593E-03
    3.56562     1.4708E+00     5.6062E-01     2.1651E-01     5.8393E-02     0.0000E+00     2.2329-314     3.3203E-03
    3.67367     1.4934E+00     5.4793E-01     2.0944E-01     1.3133E-02     0.0000E+00     2.2329-314    -1.8158E-02
    3.78171     1.5119E+00     5.3789E-01     1.7134E-01    -2.3894E-02     0.0000E+00     2.2329-314     3.2069E-03
    3.88976     1.5291E+00     5.2889E-01     1.5840E-01    -5.8124E-02     0.0000E+00     2.2329-314    -5.6454E-02
    3.99781     1.5367E+00     5.2495E-01     7.0609E-02    -7.3383E-02     0.0000E+00     2.2329-314    -5.2814E-02
    4.10586     1.5359E+00     5.2537E-01    -7.6065E-03    -7.1739E-02     0.0000E+00     2.2329-314     1.7844E-02
    4.21391     1.5364E+00     5.2511E-01     4.7098E-03    -7.2757E-02     0.0000E+00     2.2329-314    -3.3836E-02
    4.32196     1.5314E+00     5.2767E-01    -4.5975E-02    -6.2822E-02     0.0000E+00     2.2329-314    -3.6056E-02
    4.43001     1.5212E+00     5.3301E-01    -9.4770E-02    -4.2342E-02     0.0000E+00     2.2329-314     2.2008E-02
    4.53806     1.5138E+00     5.3688E-01    -6.7807E-02    -2.7689E-02     0.0000E+00     2.2329-314     5.3312E-02
    4.64611     1.5136E+00     5.3703E-01    -2.5299E-03    -2.7142E-02     0.0000E+00     2.2329-314    -1.4805E-02
    4.75416     1.5110E+00     5.3842E-01    -2.4220E-02    -2.1908E-02     0.0000E+00     2.2329-314    -4.9742E-02
    4.86220     1.5016E+00     5.4344E-01    -8.6189E-02    -3.2832E-03     0.0000E+00     2.2329-314    -7.2703E-02
    4.97025     1.4833E+00     5.5356E-01    -1.6988E-01     3.3428E-02     0.0000E+00     2.2329-314    -2.3019E-02
    5.07830     1.4635E+00     5.6482E-01    -1.8304E-01     7.2982E-02     0.0000E+00     2.2329-314    -1.4372E-02
    5.18635     1.4441E+00     5.7622E-01    -1.7933E-01     1.1173E-01     0.0000E+00     2.2329-314     2.3319E-02
    5.29440     1.4309E+00     5.8426E-01    -1.2283E-01     1.3828E-01     0.0000E+00     2.2329-314     7.2295E-02
    5.40245     1.4305E+00     5.8448E-01    -3.3287E-03     1.3900E-01     0.0000E+00     2.2329-314     4.4274E-03
    5.51050     1.4328E+00     5.8308E-01     2.1195E-02     1.3442E-01     0.0000E+00     2.2329-314     8.0771E-03
    5.61855     1.4379E+00     5.7994E-01     4.7706E-02     1.2411E-01     0.0000E+00     2.2329-314     4.1980E-02
    5.72660     1.4502E+00     5.7261E-01     1.1346E-01     9.9588E-02     0.0000E+00     2.2329-314     4.4937E-02
    5.83465     1.4690E+00     5.6168E-01     1.7349E-01     6.2096E-02     0.0000E+00     2.2329-314     2.8170E-02
    5.94269     1.4908E+00     5.4940E-01     2.0183E-01     1.8480E-02     0.0000E+00     2.2329-314     4.8625E-02
    6.05074     1.5174E+00     5.3497E-01     2.4701E-01    -3.4898E-02     0.0000E+00     2.2329-314    -2.6867E-02
    6.15879     1.5379E+00     5.2431E-01     1.8971E-01    -7.5893E-02     0.0000E+00     2.2329-314    -5.1240E-02
    6.26684     1.5492E+00     5.1863E-01     1.0380E-01    -9.8324E-02     0.0000E+00     2.2329-314    -4.5638E-02
    6.37489     1.5523E+00     5.1706E-01     2.9005E-02    -1.0459E-01     0.0000E+00     2.2329-314    -4.8732E-02
    6.48294     1.5475E+00     5.1949E-01    -4.4803E-02    -9.4910E-02     0.0000E+00     2.2329-314    -3.8376E-02
    6.59099     1.5366E+00     5.2499E-01    -1.0026E-01    -7.3244E-02     0.0000E+00     2.2329-314    -4.2076E-02
    6.69904     1.5200E+00     5.3364E-01    -1.5414E-01    -3.9934E-02     0.0000E+00     2.2329-314    -5.2141E-02
    6.80709     1.4970E+00     5.4599E-01    -2.1300E-01     6.0950E-03     0.0000E+00     2.2329-314    -3.9739E-02
    6.91514     1.4702E+00     5.6098E-01    -2.4787E-01     5.9658E-02     0.0000E+00     2.2329-314     3.0019E-02
    7.02318     1.4499E+00     5.7277E-01    -1.8740E-01     1.0015E-01     0.0000E+00     2.2329-314     2.5506E-02
    7.13123     1.4359E+00     5.8117E-01    -1.2950E-01     1.2814E-01     0.0000E+00     2.2329-314    -1.0302E-01
    7.23928     1.4107E+00     5.9684E-01    -2.3369E-01     1.7864E-01     0.0000E+00     2.2329-314     2.7018E-02
    7.34733     1.3936E+00     6.0787E-01    -1.5842E-01     2.1287E-01     0.0000E+00     2.2329-314     8.5651E-02
    7.45538     1.3930E+00     6.0823E-01    -5.0886E-03     2.1397E-01     0.0000E+00     2.2329-314    -3.1088E-02
    7.56343     1.3913E+00     6.0934E-01    -1.5654E-02     2.1735E-01     0.0000E+00     2.2329-314     9.9225E-02
    7.67148     1.4071E+00     5.9914E-01     1.4572E-01     1.8586E-01     0.0000E+00     2.2329-314    -2.5307E-02
    7.77953     1.4206E+00     5.9062E-01     1.2488E-01     1.5888E-01     0.0000E+00     2.2329-314     7.6451E-03
    7.88758     1.4362E+00     5.8098E-01     1.4501E-01     1.2754E-01     0.0000E+00     2.2329-314     1.1889E-01
    7.99562     1.4686E+00     5.6186E-01     3.0001E-01     6.2709E-02     0.0000E+00     2.2329-314     4.9550E-03
    8.10367     1.4997E+00     5.4452E-01     2.8704E-01     6.8095E-04     0.0000E+00     2.2329-314    -2.1088E-02
    8.21172     1.5252E+00     5.3088E-01     2.3667E-01    -5.0464E-02     0.0000E+00     2.2329-314     5.3545E-03
    8.31977     1.5487E+00     5.1884E-01     2.1755E-01    -9.7476E-02     0.0000E+00     2.2329-314     5.9708E-02
    8.42782     1.5768E+00     5.0506E-01     2.5960E-01    -1.5358E-01     0.0000E+00     2.2329-314    -5.6483E-02
    8.53587     1.5934E+00     4.9716E-01     1.5408E-01    -1.8687E-01     0.0000E+00     2.2329-314     2.2808E-03
 
 
    0.10805     2.0000E+00     3.5355E-01     0.0000E+00    -1.0000E+00     0.0000E+00     2.2329-314    -4.8697E-02
    0.21610     1.9819E+00     3.5842E-01    -1.6795E-01    -9.6371E-01     0.0000E+00     2.2329-314    -3.2278E-02
    0.32415     1.9486E+00     3.6764E-01    -3.0779E-01    -8.9719E-01     0.0000E+00     2.2329-314    -2.3009E-02
    0.43220     1.9027E+00     3.8103E-01    -4.2519E-01    -8.0531E-01     0.0000E+00     2.2329-314     6.0904E-02
    0.54024     1.8554E+00     3.9567E-01    -4.3709E-01    -7.1085E-01     0.0000E+00     2.2329-314     2.2309E-02
    0.64829     1.8036E+00     4.1284E-01    -4.7934E-01    -6.0727E-01     0.0000E+00     2.2329-314     4.0421E-02
    0.75634     1.7509E+00     4.3161E-01    -4.8773E-01    -5.0187E-01     0.0000E+00     2.2329-314     4.1016E-03
    0.86439     1.6944E+00     4.5340E-01    -5.2335E-01    -3.8878E-01     0.0000E+00     2.2329-314     3.7719E-02
    0.97244     1.6397E+00     4.7626E-01    -5.0588E-01    -2.7946E-01     0.0000E+00     2.2329-314     1.7252E-02
    1.08049     1.5859E+00     5.0071E-01    -4.9824E-01    -1.7179E-01     0.0000E+00     2.2329-314     1.2206E-02
    1.18854     1.5338E+00     5.2646E-01    -4.8260E-01    -6.7500E-02     0.0000E+00     2.2329-314     1.0760E-02
    1.29659     1.4846E+00     5.5283E-01    -4.5503E-01     3.0831E-02     0.0000E+00     2.2329-314    -4.2085E-04
    1.40464     1.4383E+00     5.7971E-01    -4.2813E-01     1.2335E-01     0.0000E+00     2.2329-314     5.6783E-02
    1.51269     1.4042E+00     6.0100E-01    -3.1615E-01     1.9167E-01     0.0000E+00     2.2329-314     2.9888E-02
    1.62073     1.3792E+00     6.1738E-01    -2.3087E-01     2.4156E-01     0.0000E+00     2.2329-314     6.3292E-02
    1.72878     1.3688E+00     6.2446E-01    -9.6751E-02     2.6247E-01     0.0000E+00     2.2329-314     3.5514E-02
    1.83683     1.3683E+00     6.2477E-01    -4.2294E-03     2.6338E-01     0.0000E+00     2.2329-314     8.7668E-03
    1.94488     1.3732E+00     6.2145E-01     4.5144E-02     2.5363E-01     0.0000E+00     2.2329-314     1.3682E-02
    2.05293     1.3834E+00     6.1455E-01     9.4905E-02     2.3312E-01     0.0000E+00     2.2329-314     2.5504E-02
    2.16098     1.3999E+00     6.0376E-01     1.5214E-01     2.0024E-01     0.0000E+00     2.2329-314     1.4811E-02
    2.26903     1.4198E+00     5.9108E-01     1.8457E-01     1.6036E-01     0.0000E+00     2.2329-314     1.4613E-01
    2.37708     1.4605E+00     5.6657E-01     3.7642E-01     7.9011E-02     0.0000E+00     2.2329-314    -9.2457E-02
    2.48513     1.4859E+00     5.5210E-01     2.3512E-01     2.8202E-02     0.0000E+00     2.2329-314     2.9208E-02
    2.59318     1.5134E+00     5.3711E-01     2.5457E-01    -2.6810E-02     0.0000E+00     2.2329-314     2.9679E-02
    2.70122     1.5421E+00     5.2217E-01     2.6603E-01    -8.4300E-02     0.0000E+00     2.2329-314     1.7891E-02
    2.80927     1.5698E+00     5.0845E-01     2.5553E-01    -1.3952E-01     0.0000E+00     2.2329-314    -2.0129E-02
    2.91732     1.5908E+00     4.9840E-01     1.9469E-01    -1.8159E-01     0.0000E+00     2.2329-314     4.5775E-02
    3.02537     1.6137E+00     4.8785E-01     2.1157E-01    -2.2731E-01     0.0000E+00     2.2329-314     3.3705E-02
    3.13342     1.6361E+00     4.7785E-01     2.0762E-01    -2.7218E-01     0.0000E+00     2.2329-314    -3.5777E-02
    3.24147     1.6489E+00     4.7229E-01     1.1853E-01    -2.9779E-01     0.0000E+00     2.2329-314    -9.1575E-02
    3.34952     1.6455E+00     4.7375E-01    -3.1310E-02    -2.9103E-01     0.0000E+00     2.2329-314    -8.1069E-03
    3.45757     1.6374E+00     4.7728E-01    -7.5232E-02    -2.7477E-01     0.0000E+00     2.2329-314     7.8237E-02
    3.56562     1.6358E+00     4.7800E-01    -1.5106E-02    -2.7151E-01     0.0000E+00     2.2329-314    -8.8634E-02
    3.67367     1.6195E+00     4.8522E-01    -1.5065E-01    -2.3895E-01     0.0000E+00     2.2329-314     4.8626E-02
    3.78171     1.6070E+00     4.9090E-01    -1.1592E-01    -2.1390E-01     0.0000E+00     2.2329-314    -3.5986E-02
    3.88976     1.5877E+00     4.9987E-01    -1.7834E-01    -1.7536E-01     0.0000E+00     2.2329-314    -3.1279E-02
    3.99781     1.5631E+00     5.1170E-01    -2.2734E-01    -1.2623E-01     0.0000E+00     2.2329-314     8.6361E-02
    4.10586     1.5493E+00     5.1858E-01    -1.2831E-01    -9.8507E-02     0.0000E+00     2.2329-314     3.7513E-02
    4.21391     1.5397E+00     5.2342E-01    -8.8585E-02    -7.9364E-02     0.0000E+00     2.2329-314     8.0082E-02
    4.32196     1.5400E+00     5.2329E-01     2.4991E-03    -7.9904E-02     0.0000E+00     2.2329-314     4.7435E-02
    4.43001     1.5452E+00     5.2063E-01     4.8515E-02    -9.0388E-02     0.0000E+00     2.2329-314    -7.6063E-02
    4.53806     1.5390E+00     5.2380E-01    -5.7754E-02    -7.7907E-02     0.0000E+00     2.2329-314     1.1896E-01
    4.64611     1.5474E+00     5.1951E-01     7.8249E-02    -9.4817E-02     0.0000E+00     2.2329-314     6.9067E-02
    4.75416     1.5628E+00     5.1184E-01     1.4272E-01    -1.2566E-01     0.0000E+00     2.2329-314     6.4084E-02
    4.86220     1.5836E+00     5.0180E-01     1.9226E-01    -1.6721E-01     0.0000E+00     2.2329-314     4.6229E-02
    4.97025     1.6065E+00     4.9112E-01     2.1162E-01    -2.1294E-01     0.0000E+00     2.2329-314     2.4416E-02
    5.07830     1.6279E+00     4.8145E-01     1.9851E-01    -2.5583E-01     0.0000E+00     2.2329-314    -6.4147E-02
    5.18635     1.6364E+00     4.7769E-01     7.8907E-02    -2.7289E-01     0.0000E+00     2.2329-314     6.7793E-02
    5.29440     1.6492E+00     4.7216E-01     1.1803E-01    -2.9839E-01     0.0000E+00     2.2329-314    -5.3152E-02
    5.40245     1.6505E+00     4.7159E-01     1.2340E-02    -3.0106E-01     0.0000E+00     2.2329-314     1.0236E-02
    5.51050     1.6490E+00     4.7225E-01    -1.4216E-02    -2.9799E-01     0.0000E+00     2.2329-314     8.7409E-02
    5.61855     1.6544E+00     4.6994E-01     4.9882E-02    -3.0877E-01     0.0000E+00     2.2329-314     6.5664E-02
    5.72660     1.6634E+00     4.6611E-01     8.3776E-02    -3.2687E-01     0.0000E+00     2.2329-314    -5.7082E-02
    5.83465     1.6605E+00     4.6735E-01    -2.7201E-02    -3.2099E-01     0.0000E+00     2.2329-314     3.0827E-02
    5.94269     1.6572E+00     4.6874E-01    -3.0268E-02    -3.1445E-01     0.0000E+00     2.2329-314     8.2635E-03
    6.05074     1.6509E+00     4.7142E-01    -5.8227E-02    -3.0187E-01     0.0000E+00     2.2329-314     9.2906E-02
    6.15879     1.6525E+00     4.7076E-01     1.4155E-02    -3.0493E-01     0.0000E+00     2.2329-314    -2.1759E-02
    6.26684     1.6471E+00     4.7307E-01    -4.9716E-02    -2.9418E-01     0.0000E+00     2.2329-314     9.4770E-02
    6.37489     1.6498E+00     4.7189E-01     2.5388E-02    -2.9967E-01     0.0000E+00     2.2329-314    -9.5984E-02
    6.48294     1.6365E+00     4.7769E-01    -1.2388E-01    -2.7290E-01     0.0000E+00     2.2329-314    -2.9149E-02
    6.59099     1.6165E+00     4.8657E-01    -1.8484E-01    -2.3296E-01     0.0000E+00     2.2329-314     9.3917E-02
    6.69904     1.6062E+00     4.9124E-01    -9.4916E-02    -2.1244E-01     0.0000E+00     2.2329-314     4.0851E-02
    6.80709     1.5988E+00     4.9466E-01    -6.8688E-02    -1.9760E-01     0.0000E+00     2.2329-314    -4.9276E-02
    6.91514     1.5829E+00     5.0215E-01    -1.4741E-01    -1.6575E-01     0.0000E+00     2.2329-314     4.6851E-02
    7.02318     1.5715E+00     5.0759E-01    -1.0494E-01    -1.4307E-01     0.0000E+00     2.2329-314    -3.5431E-02
    7.13123     1.5544E+00     5.1603E-01    -1.5896E-01    -1.0872E-01     0.0000E+00     2.2329-314    -2.5155E-02
    7.23928     1.5334E+00     5.2662E-01    -1.9358E-01    -6.6885E-02     0.0000E+00     2.2329-314    -1.2486E-02
    7.34733     1.5112E+00     5.3829E-01    -2.0585E-01    -2.2401E-02     0.0000E+00     2.2329-314     7.6260E-02
    7.45538     1.5000E+00     5.4434E-01    -1.0378E-01     2.5033E-05     0.0000E+00     2.2329-314     1.1068E-03
    7.56343     1.4896E+00     5.5002E-01    -9.5813E-02     2.0730E-02     0.0000E+00     2.2329-314     3.5283E-03
    7.67148     1.4807E+00     5.5500E-01    -8.2539E-02     3.8567E-02     0.0000E+00     2.2329-314    -3.0856E-02
    7.77953     1.4688E+00     5.6175E-01    -1.1009E-01     6.2358E-02     0.0000E+00     2.2329-314     9.7992E-03
    7.88758     1.4599E+00     5.6689E-01    -8.2260E-02     8.0134E-02     0.0000E+00     2.2329-314    -3.0223E-02
    7.99562     1.4487E+00     5.7348E-01    -1.0368E-01     1.0254E-01     0.0000E+00     2.2329-314     4.6298E-02
    8.10367     1.4461E+00     5.7505E-01    -2.4468E-02     1.0783E-01     0.0000E+00     2.2329-314     5.9136E-02
    8.21172     1.4532E+00     5.7082E-01     6.6138E-02     9.3535E-02     0.0000E+00     2.2329-314    -1.3560E-01
    8.31977     1.4427E+00     5.7705E-01    -9.7049E-02     1.1451E-01     0.0000E+00     2.2329-314     1.4297E-02
    8.42782     1.4366E+00     5.8075E-01    -5.6721E-02     1.2676E-01     0.0000E+00     2.2329-314     1.0864E-02
    8.53587     1.4343E+00     5.8218E-01    -2.1737E-02     1.3146E-01     0.0000E+00     2.2329-314     4.3974E-02
 
 
    0.10805     2.0000E+00     3.5355E-01     0.0000E+00    -1.0000E+00     0.0000E+00     2.2329-314     6.7181E-02
    0.21610     1.9953E+00     3.5481E-01    -4.3846E-02    -9.9052E-01     0.0000E+00     2.2329-314     4.4815E-03
    0.32415     1.9788E+00     3.5924E-01    -1.5203E-01    -9.5767E-01     0.0000E+00     2.2329-314    -1.7615E-02
    0.43220     1.9490E+00     3.6752E-01    -2.7608E-01    -8.9801E-01     0.0000E+00     2.2329-314    -2.4557E-02
    0.54024     1.9062E+00     3.7997E-01    -3.9637E-01    -8.1236E-01     0.0000E+00     2.2329-314    -2.0099E-02
    0.64829     1.8524E+00     3.9665E-01    -4.9798E-01    -7.0474E-01     0.0000E+00     2.2329-314     3.9948E-02
    0.75634     1.7964E+00     4.1534E-01    -5.1821E-01    -5.9276E-01     0.0000E+00     2.2329-314     3.4890E-02
    0.86439     1.7391E+00     4.3601E-01    -5.2970E-01    -4.7829E-01     0.0000E+00     2.2329-314    -2.9840E-02
    0.97244     1.6744E+00     4.6154E-01    -5.9920E-01    -3.4881E-01     0.0000E+00     2.2329-314     3.7095E-02
    1.08049     1.6123E+00     4.8848E-01    -5.7512E-01    -2.2452E-01     0.0000E+00     2.2329-314    -1.2296E-01
    1.18854     1.5343E+00     5.2618E-01    -7.2158E-01    -6.8593E-02     0.0000E+00     2.2329-314    -2.5640E-02
    1.29659     1.4551E+00     5.6972E-01    -7.3299E-01     8.9805E-02     0.0000E+00     2.2329-314     2.3739E-02
    1.40464     1.3834E+00     6.1456E-01    -6.6325E-01     2.3313E-01     0.0000E+00     2.2329-314    -2.8637E-02
    1.51269     1.3142E+00     6.6377E-01    -6.4090E-01     3.7163E-01     0.0000E+00     2.2329-314     1.6722E-02
    1.62073     1.2563E+00     7.1015E-01    -5.3558E-01     4.8737E-01     0.0000E+00     2.2329-314     1.3105E-01
    1.72878     1.2312E+00     7.3202E-01    -2.3270E-01     5.3766E-01     0.0000E+00     2.2329-314    -1.4981E-04
    1.83683     1.2180E+00     7.4394E-01    -1.2202E-01     5.6402E-01     0.0000E+00     2.2329-314    -8.7443E-02
    1.94488     1.2015E+00     7.5930E-01    -1.5260E-01     5.9700E-01     0.0000E+00     2.2329-314    -7.7354E-02
    2.05293     1.1843E+00     7.7586E-01    -1.5878E-01     6.3131E-01     0.0000E+00     2.2329-314     5.0539E-03
    2.16098     1.1825E+00     7.7772E-01    -1.7453E-02     6.3508E-01     0.0000E+00     2.2329-314     3.4003E-02
    2.26903     1.1996E+00     7.6107E-01     1.5899E-01     6.0073E-01     0.0000E+00     2.2329-314     9.7043E-02
    2.37708     1.2428E+00     7.2175E-01     3.9970E-01     5.1435E-01     0.0000E+00     2.2329-314     3.8929E-02
    2.48513     1.2941E+00     6.7925E-01     4.7487E-01     4.1173E-01     0.0000E+00     2.2329-314    -1.3086E-01
    2.59318     1.3240E+00     6.5638E-01     2.7662E-01     3.5195E-01     0.0000E+00     2.2329-314    -6.3461E-02
    2.70122     1.3463E+00     6.4015E-01     2.0633E-01     3.0737E-01     0.0000E+00     2.2329-314     1.0475E-01
    2.80927     1.3863E+00     6.1263E-01     3.7040E-01     2.2732E-01     0.0000E+00     2.2329-314    -7.3860E-02
    2.91732     1.4148E+00     5.9424E-01     2.6339E-01     1.7041E-01     0.0000E+00     2.2329-314    -3.4292E-02
    3.02537     1.4382E+00     5.7980E-01     2.1643E-01     1.2364E-01     0.0000E+00     2.2329-314     3.4298E-02
    3.13342     1.4659E+00     5.6344E-01     2.5651E-01     6.8208E-02     0.0000E+00     2.2329-314     6.8647E-02
    3.24147     1.5013E+00     5.4361E-01     3.2795E-01    -2.6611E-03     0.0000E+00     2.2329-314    -6.5162E-02
    3.34952     1.5250E+00     5.3098E-01     2.1938E-01    -5.0069E-02     0.0000E+00     2.2329-314     6.2568E-02
    3.45757     1.5543E+00     5.1606E-01     2.7086E-01    -1.0860E-01     0.0000E+00     2.2329-314     3.5756E-02
    3.56562     1.5844E+00     5.0143E-01     2.7846E-01    -1.6878E-01     0.0000E+00     2.2329-314    -1.0687E-01
    3.67367     1.5963E+00     4.9580E-01     1.1069E-01    -1.9270E-01     0.0000E+00     2.2329-314     4.7909E-02
    3.78171     1.6109E+00     4.8909E-01     1.3482E-01    -2.2183E-01     0.0000E+00     2.2329-314    -1.8910E-02
    3.88976     1.6191E+00     4.8539E-01     7.5779E-02    -2.3821E-01     0.0000E+00     2.2329-314     5.8380E-02
    3.99781     1.6308E+00     4.8015E-01     1.0866E-01    -2.6169E-01     0.0000E+00     2.2329-314     3.9641E-02
    4.10586     1.6432E+00     4.7473E-01     1.1472E-01    -2.8648E-01     0.0000E+00     2.2329-314     1.7849E-02
    4.21391     1.6532E+00     4.7044E-01     9.2265E-02    -3.0642E-01     0.0000E+00     2.2329-314    -7.7306E-02
    4.32196     1.6488E+00     4.7231E-01    -4.0340E-02    -2.9770E-01     0.0000E+00     2.2329-314    -4.7661E-02
    4.43001     1.6348E+00     4.7841E-01    -1.3001E-01    -2.6960E-01     0.0000E+00     2.2329-314     4.6203E-02
    4.53806     1.6236E+00     4.8335E-01    -1.0324E-01    -2.4729E-01     0.0000E+00     2.2329-314    -1.1073E-01
    4.64611     1.5959E+00     4.9602E-01    -2.5690E-01    -1.9178E-01     0.0000E+00     2.2329-314     2.1672E-02
    4.75416     1.5697E+00     5.0846E-01    -2.4206E-01    -1.3947E-01     0.0000E+00     2.2329-314    -6.4639E-02
    4.86220     1.5348E+00     5.2590E-01    -3.2297E-01    -6.9676E-02     0.0000E+00     2.2329-314    -6.5650E-02
    4.97025     1.4923E+00     5.4852E-01    -3.9328E-01     1.5311E-02     0.0000E+00     2.2329-314     2.0908E-02
    5.07830     1.4551E+00     5.6971E-01    -3.4449E-01     8.9756E-02     0.0000E+00     2.2329-314     1.0582E-01
    5.18635     1.4357E+00     5.8131E-01    -1.7988E-01     1.2863E-01     0.0000E+00     2.2329-314    -2.9346E-02
    5.29440     1.4154E+00     5.9384E-01    -1.8745E-01     1.6914E-01     0.0000E+00     2.2329-314    -3.5188E-02
    5.40245     1.3942E+00     6.0745E-01    -1.9641E-01     2.1158E-01     0.0000E+00     2.2329-314    -9.5172E-02
    5.51050     1.3643E+00     6.2756E-01    -2.7716E-01     2.7147E-01     0.0000E+00     2.2329-314    -2.6769E-03
    5.61855     1.3402E+00     6.4454E-01    -2.2276E-01     3.1961E-01     0.0000E+00     2.2329-314    -7.9728E-02
    5.72660     1.3112E+00     6.6603E-01    -2.6826E-01     3.7758E-01     0.0000E+00     2.2329-314     1.3083E-02
    5.83465     1.2925E+00     6.8051E-01    -1.7279E-01     4.1492E-01     0.0000E+00     2.2329-314    -1.4596E-02
    5.94269     1.2801E+00     6.9044E-01    -1.1503E-01     4.3978E-01     0.0000E+00     2.2329-314    -1.5690E-01
    6.05074     1.2515E+00     7.1427E-01    -2.6491E-01     4.9703E-01     0.0000E+00     2.2329-314     2.7997E-02
    6.15879     1.2385E+00     7.2549E-01    -1.1976E-01     5.2291E-01     0.0000E+00     2.2329-314     4.1727E-02
    6.26684     1.2433E+00     7.2136E-01     4.3690E-02     5.1347E-01     0.0000E+00     2.2329-314    -3.7490E-02
    6.37489     1.2502E+00     7.1534E-01     6.4531E-02     4.9952E-01     0.0000E+00     2.2329-314     8.3810E-02
    6.48294     1.2789E+00     6.9145E-01     2.6491E-01     4.4227E-01     0.0000E+00     2.2329-314    -8.4345E-02
    6.59099     1.2976E+00     6.7652E-01     1.7362E-01     4.0476E-01     0.0000E+00     2.2329-314     2.4650E-03
    6.69904     1.3211E+00     6.5854E-01     2.1758E-01     3.5774E-01     0.0000E+00     2.2329-314     2.5948E-02
    6.80709     1.3515E+00     6.3647E-01     2.8097E-01     2.9702E-01     0.0000E+00     2.2329-314     1.2200E-01
    6.91514     1.4008E+00     6.0316E-01     4.5645E-01     1.9838E-01     0.0000E+00     2.2329-314     3.3671E-02
    7.02318     1.4522E+00     5.7144E-01     4.7536E-01     9.5657E-02     0.0000E+00     2.2329-314     1.9860E-02
    7.13123     1.5023E+00     5.4308E-01     4.6397E-01    -4.6059E-03     0.0000E+00     2.2329-314    -5.4063E-03
    7.23928     1.5470E+00     5.1972E-01     4.1364E-01    -9.3992E-02     0.0000E+00     2.2329-314     2.4580E-02
    7.34733     1.5898E+00     4.9886E-01     3.9631E-01    -1.7963E-01     0.0000E+00     2.2329-314    -5.8503E-02
    7.45538     1.6195E+00     4.8523E-01     2.7433E-01    -2.3892E-01     0.0000E+00     2.2329-314    -2.5180E-03
    7.56343     1.6435E+00     4.7463E-01     2.2224E-01    -2.8694E-01     0.0000E+00     2.2329-314     2.9323E-02
    7.67148     1.6657E+00     4.6517E-01     2.0558E-01    -3.3137E-01     0.0000E+00     2.2329-314    -7.9646E-02
    7.77953     1.6722E+00     4.6245E-01     6.0402E-02    -3.4442E-01     0.0000E+00     2.2329-314     1.0705E-02
    7.88758     1.6751E+00     4.6127E-01     2.6404E-02    -3.5013E-01     0.0000E+00     2.2329-314    -4.2637E-02
    7.99562     1.6678E+00     4.6428E-01    -6.7092E-02    -3.3563E-01     0.0000E+00     2.2329-314     1.0326E-02
    8.10367     1.6577E+00     4.6852E-01    -9.3210E-02    -3.1548E-01     0.0000E+00     2.2329-314    -2.3957E-02
    8.21172     1.6410E+00     4.7570E-01    -1.5479E-01    -2.8203E-01     0.0000E+00     2.2329-314     2.5002E-02
    8.31977     1.6245E+00     4.8297E-01    -1.5282E-01    -2.4901E-01     0.0000E+00     2.2329-314    -5.2851E-03
    8.42782     1.6049E+00     4.9186E-01    -1.8181E-01    -2.0972E-01     0.0000E+00     2.2329-314    -2.2228E-02
    8.53587     1.5806E+00     5.0321E-01    -2.2421E-01    -1.6127E-01     0.0000E+00     2.2329-314     2.4707E-02
