BEHD @ YYE. Sim. done on 2023-10-28   12h45
### Sim. w/ κ =    0.500 ; and ∆_0 =  2.00; T =    2.98E+05
 ## r =  1.00E-06 ; rhosty =  1.05E+03 ; rhosol =  1.00E+03
 ## k =  2.00 ; ∆_eq =  2.00 ; num_particle =      10
  Time        Position ∆        γ_z        Veloctiy ∆        Fz total        electro î        spurious        Noise z
 
 
    0.10805     2.0000E+00     3.5355E-01     0.0000E+00    -1.0000E+00     0.0000E+00     2.2329-314    -3.5148E-02
    0.21610     1.9831E+00     3.5808E-01    -1.5623E-01    -9.6624E-01     0.0000E+00     2.2329-314    -3.7536E-03
    0.32415     1.9541E+00     3.6608E-01    -2.6833E-01    -9.0825E-01     0.0000E+00     2.2329-314    -1.4853E-02
    0.43220     1.9128E+00     3.7799E-01    -3.8202E-01    -8.2570E-01     0.0000E+00     2.2329-314    -1.4665E-02
    0.54024     1.8607E+00     3.9398E-01    -4.8237E-01    -7.2146E-01     0.0000E+00     2.2329-314     8.1630E-03
    0.64829     1.8021E+00     4.1335E-01    -5.4217E-01    -6.0430E-01     0.0000E+00     2.2329-314    -3.3196E-02
    0.75634     1.7337E+00     4.3806E-01    -6.3337E-01    -4.6743E-01     0.0000E+00     2.2329-314    -1.2696E-02
    0.86439     1.6599E+00     4.6760E-01    -6.8314E-01    -3.1980E-01     0.0000E+00     2.2329-314    -4.5670E-02
    0.97244     1.5784E+00     5.0426E-01    -7.5386E-01    -1.5690E-01     0.0000E+00     2.2329-314     7.5896E-02
    1.08049     1.5075E+00     5.4025E-01    -6.5630E-01    -1.5071E-02     0.0000E+00     2.2329-314     7.9447E-03
    1.18854     1.4401E+00     5.7865E-01    -6.2416E-01     1.1981E-01     0.0000E+00     2.2329-314    -7.0763E-02
    1.29659     1.3667E+00     6.2588E-01    -6.7928E-01     2.6660E-01     0.0000E+00     2.2329-314     2.5150E-02
    1.40464     1.3039E+00     6.7165E-01    -5.8140E-01     3.9224E-01     0.0000E+00     2.2329-314    -4.9181E-02
    1.51269     1.2420E+00     7.2247E-01    -5.7277E-01     5.1601E-01     0.0000E+00     2.2329-314    -3.8390E-02
    1.62073     1.1851E+00     7.7516E-01    -5.2693E-01     6.2988E-01     0.0000E+00     2.2329-314    -1.0319E-02
    1.72878     1.1423E+00     8.1907E-01    -3.9561E-01     7.1537E-01     0.0000E+00     2.2329-314    -3.5150E-02
    1.83683     1.1128E+00     8.5192E-01    -2.7354E-01     7.7449E-01     0.0000E+00     2.2329-314     1.5013E-01
    1.94488     1.1570E+00     8.0349E-01     4.0980E-01     6.8593E-01     0.0000E+00     2.2329-314    -4.4211E-03
    2.05293     1.2031E+00     7.5780E-01     4.2617E-01     5.9383E-01     0.0000E+00     2.2329-314    -3.5593E-02
    2.16098     1.2427E+00     7.2187E-01     3.6654E-01     5.1463E-01     0.0000E+00     2.2329-314     6.9725E-02
    2.26903     1.2979E+00     6.7630E-01     5.1098E-01     4.0420E-01     0.0000E+00     2.2329-314     7.2757E-02
    2.37708     1.3627E+00     6.2865E-01     5.9956E-01     2.7464E-01     0.0000E+00     2.2329-314    -7.6344E-02
    2.48513     1.4095E+00     5.9758E-01     4.3342E-01     1.8098E-01     0.0000E+00     2.2329-314    -6.2607E-02
    2.59318     1.4439E+00     5.7639E-01     3.1786E-01     1.1229E-01     0.0000E+00     2.2329-314    -1.4967E-02
    2.70122     1.4740E+00     5.5878E-01     2.7924E-01     5.1946E-02     0.0000E+00     2.2329-314     1.3266E-02
    2.80927     1.5039E+00     5.4223E-01     2.7625E-01    -7.7498E-03     0.0000E+00     2.2329-314     5.8777E-02
    2.91732     1.5390E+00     5.2377E-01     3.2515E-01    -7.8015E-02     0.0000E+00     2.2329-314     9.1797E-03
    3.02537     1.5711E+00     5.0780E-01     2.9702E-01    -1.4220E-01     0.0000E+00     2.2329-314     8.1051E-03
    3.13342     1.5996E+00     4.9431E-01     2.6339E-01    -1.9912E-01     0.0000E+00     2.2329-314    -1.6964E-02
    3.24147     1.6207E+00     4.8465E-01     1.9598E-01    -2.4147E-01     0.0000E+00     2.2329-314    -7.2380E-02
    3.34952     1.6275E+00     4.8163E-01     6.2692E-02    -2.5502E-01     0.0000E+00     2.2329-314    -6.7604E-03
    3.45757     1.6293E+00     4.8082E-01     1.6935E-02    -2.5868E-01     0.0000E+00     2.2329-314     5.4155E-02
    3.56562     1.6344E+00     4.7858E-01     4.7124E-02    -2.6886E-01     0.0000E+00     2.2329-314    -1.7205E-02
    3.67367     1.6332E+00     4.7914E-01    -1.1780E-02    -2.6631E-01     0.0000E+00     2.2329-314     9.6939E-04
    3.78171     1.6283E+00     4.8127E-01    -4.4789E-02    -2.5664E-01     0.0000E+00     2.2329-314     1.9583E-02
    3.88976     1.6227E+00     4.8378E-01    -5.2182E-02    -2.4536E-01     0.0000E+00     2.2329-314     7.0388E-02
    3.99781     1.6231E+00     4.8360E-01     3.7017E-03    -2.4616E-01     0.0000E+00     2.2329-314    -8.4268E-02
    4.10586     1.6090E+00     4.8999E-01    -1.3076E-01    -2.1790E-01     0.0000E+00     2.2329-314    -5.0166E-03
    4.21391     1.5919E+00     4.9790E-01    -1.5809E-01    -1.8374E-01     0.0000E+00     2.2329-314    -2.1392E-02
    4.32196     1.5703E+00     5.0819E-01    -1.9964E-01    -1.4060E-01     0.0000E+00     2.2329-314    -3.2553E-02
    4.43001     1.5436E+00     5.2145E-01    -2.4745E-01    -8.7124E-02     0.0000E+00     2.2329-314     1.8129E-02
    4.53806     1.5195E+00     5.3387E-01    -2.2247E-01    -3.9049E-02     0.0000E+00     2.2329-314    -2.7082E-02
    4.64611     1.4926E+00     5.4839E-01    -2.4925E-01     1.4813E-02     0.0000E+00     2.2329-314     2.9881E-02
    4.75416     1.4717E+00     5.6011E-01    -1.9343E-01     5.6612E-02     0.0000E+00     2.2329-314    -2.4040E-03
    4.86220     1.4527E+00     5.7115E-01    -1.7612E-01     9.4671E-02     0.0000E+00     2.2329-314    -1.3344E-02
    4.97025     1.4345E+00     5.8206E-01    -1.6856E-01     1.3110E-01     0.0000E+00     2.2329-314    -7.9257E-02
    5.07830     1.4079E+00     5.9860E-01    -2.4557E-01     1.8416E-01     0.0000E+00     2.2329-314    -8.7524E-03
    5.18635     1.3848E+00     6.1363E-01    -2.1377E-01     2.3036E-01     0.0000E+00     2.2329-314     1.3599E-02
    5.29440     1.3693E+00     6.2410E-01    -1.4372E-01     2.6141E-01     0.0000E+00     2.2329-314     4.4838E-02
    5.40245     1.3664E+00     6.2606E-01    -2.6436E-02     2.6713E-01     0.0000E+00     2.2329-314    -1.5170E-02
    5.51050     1.3659E+00     6.2643E-01    -4.9161E-03     2.6819E-01     0.0000E+00     2.2329-314    -9.6393E-02
    5.61855     1.3547E+00     6.3422E-01    -1.0381E-01     2.9062E-01     0.0000E+00     2.2329-314    -5.1742E-02
    5.72660     1.3411E+00     6.4387E-01    -1.2559E-01     3.1776E-01     0.0000E+00     2.2329-314     5.8647E-02
    5.83465     1.3438E+00     6.4196E-01     2.4571E-02     3.1245E-01     0.0000E+00     2.2329-314     6.3378E-02
    5.94269     1.3618E+00     6.2928E-01     1.6652E-01     2.7647E-01     0.0000E+00     2.2329-314     7.7319E-02
    6.05074     1.3945E+00     6.0724E-01     3.0323E-01     2.1094E-01     0.0000E+00     2.2329-314     1.2478E-01
    6.15879     1.4458E+00     5.7522E-01     4.7464E-01     1.0837E-01     0.0000E+00     2.2329-314     8.9255E-04
    6.26684     1.4928E+00     5.4828E-01     4.3482E-01     1.4406E-02     0.0000E+00     2.2329-314     9.0624E-02
    6.37489     1.5478E+00     5.1931E-01     5.0915E-01    -9.5619E-02     0.0000E+00     2.2329-314    -9.4926E-02
    6.48294     1.5832E+00     5.0198E-01     3.2785E-01    -1.6647E-01     0.0000E+00     2.2329-314     3.6203E-03
    6.59099     1.6138E+00     4.8777E-01     2.8316E-01    -2.2766E-01     0.0000E+00     2.2329-314     7.7568E-02
    6.69904     1.6490E+00     4.7223E-01     3.2578E-01    -2.9806E-01     0.0000E+00     2.2329-314    -9.3870E-02
    6.80709     1.6654E+00     4.6530E-01     1.5126E-01    -3.3074E-01     0.0000E+00     2.2329-314    -6.6079E-02
    6.91514     1.6676E+00     4.6438E-01     2.0377E-02    -3.3515E-01     0.0000E+00     2.2329-314     1.0137E-02
    7.02318     1.6663E+00     4.6492E-01    -1.2031E-02    -3.3255E-01     0.0000E+00     2.2329-314     3.4501E-02
    7.13123     1.6648E+00     4.6552E-01    -1.3283E-02    -3.2968E-01     0.0000E+00     2.2329-314     2.6857E-02
    7.23928     1.6623E+00     4.6658E-01    -2.3167E-02    -3.2467E-01     0.0000E+00     2.2329-314     1.2430E-03
    7.34733     1.6556E+00     4.6942E-01    -6.2270E-02    -3.1121E-01     0.0000E+00     2.2329-314    -1.0007E-01
    7.45538     1.6320E+00     4.7963E-01    -2.1818E-01    -2.6407E-01     0.0000E+00     2.2329-314    -2.0755E-04
    7.56343     1.6060E+00     4.9136E-01    -2.4125E-01    -2.1193E-01     0.0000E+00     2.2329-314    -3.1112E-02
    7.67148     1.5742E+00     5.0631E-01    -2.9413E-01    -1.4837E-01     0.0000E+00     2.2329-314    -6.4849E-02
    7.77953     1.5333E+00     5.2671E-01    -3.7859E-01    -6.6558E-02     0.0000E+00     2.2329-314    -8.2740E-03
    7.88758     1.4923E+00     5.4852E-01    -3.7885E-01     1.5311E-02     0.0000E+00     2.2329-314    -9.5090E-02
    7.99562     1.4404E+00     5.7844E-01    -4.8041E-01     1.1913E-01     0.0000E+00     2.2329-314     2.0912E-03
    8.10367     1.3932E+00     6.0812E-01    -4.3733E-01     2.1363E-01     0.0000E+00     2.2329-314    -6.9651E-02
    8.21172     1.3412E+00     6.4378E-01    -4.8070E-01     3.1751E-01     0.0000E+00     2.2329-314    -1.1708E-01
    8.31977     1.2783E+00     6.9190E-01    -5.8241E-01     4.4337E-01     0.0000E+00     2.2329-314    -2.7671E-02
    8.42782     1.2209E+00     7.4126E-01    -5.3123E-01     5.5817E-01     0.0000E+00     2.2329-314     4.4082E-02
    8.53587     1.1864E+00     7.7387E-01    -3.1974E-01     6.2726E-01     0.0000E+00     2.2329-314     2.0427E-02
 
 
    0.10805     2.0000E+00     3.5355E-01     0.0000E+00    -1.0000E+00     0.0000E+00     2.2329-314    -2.9935E-02
    0.21610     1.9837E+00     3.5791E-01    -1.5055E-01    -9.6747E-01     0.0000E+00     2.2329-314    -2.5529E-02
    0.32415     1.9527E+00     3.6646E-01    -2.8680E-01    -9.0549E-01     0.0000E+00     2.2329-314     2.6388E-02
    0.43220     1.9145E+00     3.7751E-01    -3.5422E-01    -8.2894E-01     0.0000E+00     2.2329-314    -7.3995E-02
    0.54024     1.8581E+00     3.9481E-01    -5.2151E-01    -7.1625E-01     0.0000E+00     2.2329-314    -2.4598E-02
    0.64829     1.7915E+00     4.1703E-01    -6.1629E-01    -5.8307E-01     0.0000E+00     2.2329-314     3.5750E-02
    0.75634     1.7240E+00     4.4176E-01    -6.2477E-01    -4.4806E-01     0.0000E+00     2.2329-314    -1.0753E-02
    0.86439     1.6516E+00     4.7113E-01    -6.7018E-01    -3.0323E-01     0.0000E+00     2.2329-314     3.1099E-02
    0.97244     1.5816E+00     5.0273E-01    -6.4764E-01    -1.6328E-01     0.0000E+00     2.2329-314    -2.5537E-02
    1.08049     1.5085E+00     5.3971E-01    -6.7648E-01    -1.7092E-02     0.0000E+00     2.2329-314     2.6885E-02
    1.18854     1.4415E+00     5.7779E-01    -6.2029E-01     1.1695E-01     0.0000E+00     2.2329-314     3.8349E-02
    1.29659     1.3845E+00     6.1387E-01    -5.2809E-01     2.3107E-01     0.0000E+00     2.2329-314     7.8461E-02
    1.40464     1.3459E+00     6.4047E-01    -3.5727E-01     3.0827E-01     0.0000E+00     2.2329-314    -4.6024E-02
    1.51269     1.3075E+00     6.6883E-01    -3.5465E-01     3.8491E-01     0.0000E+00     2.2329-314     1.8007E-02
    1.62073     1.2818E+00     6.8909E-01    -2.3833E-01     4.3642E-01     0.0000E+00     2.2329-314     6.9475E-02
    1.72878     1.2788E+00     6.9147E-01    -2.7252E-02     4.4230E-01     0.0000E+00     2.2329-314    -3.0861E-02
    1.83683     1.2791E+00     6.9126E-01     2.3343E-03     4.4180E-01     0.0000E+00     2.2329-314     5.4042E-02
    1.94488     1.2973E+00     6.7673E-01     1.6886E-01     4.0531E-01     0.0000E+00     2.2329-314     2.9622E-03
    2.05293     1.3210E+00     6.5867E-01     2.1855E-01     3.5808E-01     0.0000E+00     2.2329-314     2.5941E-02
    2.16098     1.3520E+00     6.3612E-01     2.8722E-01     2.9601E-01     0.0000E+00     2.2329-314     7.9444E-02
    2.26903     1.3967E+00     6.0585E-01     4.1329E-01     2.0670E-01     0.0000E+00     2.2329-314    -3.5658E-02
    2.37708     1.4334E+00     5.8269E-01     3.4029E-01     1.3316E-01     0.0000E+00     2.2329-314    -1.2435E-01
    2.48513     1.4498E+00     5.7284E-01     1.5178E-01     1.0037E-01     0.0000E+00     2.2329-314     9.3556E-02
    2.59318     1.4798E+00     5.5554E-01     2.7709E-01     4.0486E-02     0.0000E+00     2.2329-314     6.7221E-02
    2.70122     1.5169E+00     5.3526E-01     3.4375E-01    -3.3797E-02     0.0000E+00     2.2329-314     2.7689E-03
    2.80927     1.5504E+00     5.1800E-01     3.1015E-01    -1.0082E-01     0.0000E+00     2.2329-314    -1.8941E-03
    2.91732     1.5793E+00     5.0386E-01     2.6720E-01    -1.5856E-01     0.0000E+00     2.2329-314    -1.7364E-02
    3.02537     1.6012E+00     4.9354E-01     2.0314E-01    -2.0246E-01     0.0000E+00     2.2329-314    -3.3612E-03
    3.13342     1.6182E+00     4.8579E-01     1.5707E-01    -2.3640E-01     0.0000E+00     2.2329-314    -7.1768E-02
    3.24147     1.6212E+00     4.8443E-01     2.8001E-02    -2.4245E-01     0.0000E+00     2.2329-314     6.1303E-02
    3.34952     1.6286E+00     4.8114E-01     6.8323E-02    -2.5722E-01     0.0000E+00     2.2329-314    -1.3690E-02
    3.45757     1.6301E+00     4.8049E-01     1.3577E-02    -2.6015E-01     0.0000E+00     2.2329-314     1.0917E-01
    3.56562     1.6420E+00     4.7529E-01     1.1003E-01    -2.8393E-01     0.0000E+00     2.2329-314    -5.6763E-02
    3.67367     1.6417E+00     4.7539E-01    -2.2263E-03    -2.8345E-01     0.0000E+00     2.2329-314    -5.1363E-02
    3.78171     1.6309E+00     4.8015E-01    -1.0061E-01    -2.6171E-01     0.0000E+00     2.2329-314     7.8637E-02
    3.88976     1.6271E+00     4.8180E-01    -3.4399E-02    -2.5427E-01     0.0000E+00     2.2329-314    -2.7830E-02
    3.99781     1.6164E+00     4.8660E-01    -9.9272E-02    -2.3282E-01     0.0000E+00     2.2329-314     9.6298E-02
    4.10586     1.6156E+00     4.8697E-01    -7.4680E-03    -2.3121E-01     0.0000E+00     2.2329-314     8.0662E-02
    4.21391     1.6221E+00     4.8404E-01     6.0169E-02    -2.4421E-01     0.0000E+00     2.2329-314     7.5362E-02
    4.32196     1.6345E+00     4.7853E-01     1.1509E-01    -2.6908E-01     0.0000E+00     2.2329-314     3.9614E-04
    4.43001     1.6424E+00     4.7510E-01     7.2683E-02    -2.8479E-01     0.0000E+00     2.2329-314     3.8891E-04
    4.53806     1.6458E+00     4.7363E-01     3.1339E-02    -2.9156E-01     0.0000E+00     2.2329-314     7.7809E-03
    4.64611     1.6459E+00     4.7360E-01     7.2458E-04    -2.9172E-01     0.0000E+00     2.2329-314     3.4101E-02
    4.75416     1.6462E+00     4.7344E-01     3.4796E-03    -2.9247E-01     0.0000E+00     2.2329-314    -2.5616E-02
    4.86220     1.6392E+00     4.7650E-01    -6.5444E-02    -2.7832E-01     0.0000E+00     2.2329-314    -6.7443E-03
    4.97025     1.6277E+00     4.8154E-01    -1.0601E-01    -2.5542E-01     0.0000E+00     2.2329-314     4.2405E-02
    5.07830     1.6188E+00     4.8551E-01    -8.2252E-02    -2.3764E-01     0.0000E+00     2.2329-314    -4.5879E-02
    5.18635     1.6011E+00     4.9361E-01    -1.6421E-01    -2.0216E-01     0.0000E+00     2.2329-314    -6.6866E-03
    5.29440     1.5806E+00     5.0324E-01    -1.8980E-01    -1.6114E-01     0.0000E+00     2.2329-314     5.2885E-02
    5.40245     1.5659E+00     5.1031E-01    -1.3531E-01    -1.3190E-01     0.0000E+00     2.2329-314    -8.4080E-02
    5.51050     1.5390E+00     5.2377E-01    -2.4946E-01    -7.7992E-02     0.0000E+00     2.2329-314    -5.0056E-02
    5.61855     1.5056E+00     5.4130E-01    -3.0906E-01    -1.1205E-02     0.0000E+00     2.2329-314    -5.3584E-02
    5.72660     1.4664E+00     5.6312E-01    -3.6240E-01     6.7109E-02     0.0000E+00     2.2329-314     4.2563E-02
    5.83465     1.4366E+00     5.8078E-01    -2.7657E-01     1.2687E-01     0.0000E+00     2.2329-314     2.3581E-02
    5.94269     1.4140E+00     5.9474E-01    -2.0879E-01     1.7199E-01     0.0000E+00     2.2329-314    -6.1647E-02
    6.05074     1.3865E+00     6.1250E-01    -2.5428E-01     2.2694E-01     0.0000E+00     2.2329-314    -2.2021E-02
    6.15879     1.3613E+00     6.2962E-01    -2.3361E-01     2.7743E-01     0.0000E+00     2.2329-314    -2.9813E-02
    6.26684     1.3379E+00     6.4622E-01    -2.1674E-01     3.2426E-01     0.0000E+00     2.2329-314    -1.0181E-01
    6.37489     1.3053E+00     6.7055E-01    -3.0141E-01     3.8940E-01     0.0000E+00     2.2329-314    -6.8740E-03
    6.48294     1.2810E+00     6.8971E-01    -2.2477E-01     4.3797E-01     0.0000E+00     2.2329-314    -9.4948E-02
    6.59099     1.2502E+00     7.1537E-01    -2.8517E-01     4.9959E-01     0.0000E+00     2.2329-314    -6.7510E-02
    6.69904     1.2192E+00     7.4285E-01    -2.8718E-01     5.6165E-01     0.0000E+00     2.2329-314     7.3470E-03
    6.80709     1.2044E+00     7.5655E-01    -1.3659E-01     5.9117E-01     0.0000E+00     2.2329-314     5.4627E-02
    6.91514     1.2162E+00     7.4553E-01     1.0951E-01     5.6750E-01     0.0000E+00     2.2329-314     5.9526E-02
    7.02318     1.2504E+00     7.1517E-01     3.1638E-01     4.9913E-01     0.0000E+00     2.2329-314     2.4381E-02
    7.13123     1.2926E+00     6.8045E-01     3.9038E-01     4.1478E-01     0.0000E+00     2.2329-314    -2.3503E-02
    7.23928     1.3310E+00     6.5126E-01     3.5483E-01     3.3810E-01     0.0000E+00     2.2329-314    -1.4626E-01
    7.34733     1.3453E+00     6.4085E-01     1.3302E-01     3.0935E-01     0.0000E+00     2.2329-314    -2.8406E-02
    7.45538     1.3587E+00     6.3143E-01     1.2365E-01     2.8263E-01     0.0000E+00     2.2329-314    -8.3125E-03
    7.56343     1.3740E+00     6.2093E-01     1.4131E-01     2.5210E-01     0.0000E+00     2.2329-314     1.1127E-01
    7.67148     1.4091E+00     5.9787E-01     3.2495E-01     1.8187E-01     0.0000E+00     2.2329-314     5.8343E-02
    7.77953     1.4517E+00     5.7172E-01     3.9468E-01     9.6585E-02     0.0000E+00     2.2329-314    -1.0359E-01
    7.88758     1.4761E+00     5.5763E-01     2.2534E-01     4.7889E-02     0.0000E+00     2.2329-314    -5.1900E-02
    7.99562     1.4914E+00     5.4904E-01     1.4215E-01     1.7172E-02     0.0000E+00     2.2329-314     7.9994E-02
    8.10367     1.5169E+00     5.3526E-01     2.3590E-01    -3.3806E-02     0.0000E+00     2.2329-314    -1.0751E-02
    8.21172     1.5381E+00     5.2422E-01     1.9646E-01    -7.6261E-02     0.0000E+00     2.2329-314    -5.7286E-03
    8.31977     1.5557E+00     5.1537E-01     1.6236E-01    -1.1135E-01     0.0000E+00     2.2329-314     4.2548E-03
    8.42782     1.5708E+00     5.0796E-01     1.3967E-01    -1.4153E-01     0.0000E+00     2.2329-314     7.4502E-02
    8.53587     1.5926E+00     4.9755E-01     2.0226E-01    -1.8524E-01     0.0000E+00     2.2329-314     2.1985E-02
 
 
    0.10805     2.0000E+00     3.5355E-01     0.0000E+00    -1.0000E+00     0.0000E+00     2.2329-314     4.3601E-03
    0.21610     1.9878E+00     3.5682E-01    -1.1316E-01    -9.7555E-01     0.0000E+00     2.2329-314    -5.2260E-02
    0.32415     1.9574E+00     3.6515E-01    -2.8092E-01    -9.1484E-01     0.0000E+00     2.2329-314    -2.5180E-02
    0.43220     1.9135E+00     3.7779E-01    -4.0626E-01    -8.2705E-01     0.0000E+00     2.2329-314    -5.9272E-02
    0.54024     1.8535E+00     3.9628E-01    -5.5537E-01    -7.0703E-01     0.0000E+00     2.2329-314    -3.5255E-02
    0.64829     1.7822E+00     4.2031E-01    -6.6014E-01    -5.6438E-01     0.0000E+00     2.2329-314    -7.8214E-03
    0.75634     1.7049E+00     4.4920E-01    -7.1513E-01    -4.0984E-01     0.0000E+00     2.2329-314    -7.9635E-03
    0.86439     1.6237E+00     4.8331E-01    -7.5124E-01    -2.4750E-01     0.0000E+00     2.2329-314    -3.4093E-02
    0.97244     1.5374E+00     5.2461E-01    -7.9946E-01    -7.4737E-02     0.0000E+00     2.2329-314    -3.1951E-02
    1.08049     1.4481E+00     5.7386E-01    -8.2627E-01     1.0382E-01     0.0000E+00     2.2329-314    -4.0899E-02
    1.18854     1.3566E+00     6.3291E-01    -8.4715E-01     2.8689E-01     0.0000E+00     2.2329-314    -2.9072E-02
    1.29659     1.2662E+00     7.0183E-01    -8.3602E-01     4.6755E-01     0.0000E+00     2.2329-314     8.4871E-02
    1.40464     1.1996E+00     7.6114E-01    -6.1699E-01     6.0088E-01     0.0000E+00     2.2329-314     8.9352E-03
    1.51269     1.1490E+00     8.1189E-01    -4.6755E-01     7.0191E-01     0.0000E+00     2.2329-314    -3.7135E-02
    1.62073     1.1098E+00     8.5534E-01    -3.6330E-01     7.8042E-01     0.0000E+00     2.2329-314    -3.8754E-03
    1.72878     1.0975E+00     8.6970E-01    -1.1339E-01     8.0493E-01     0.0000E+00     2.2329-314     1.7703E-02
    1.83683     1.1218E+00     8.4169E-01     2.2417E-01     7.5648E-01     0.0000E+00     2.2329-314    -8.3850E-02
    1.94488     1.1361E+00     8.2578E-01     1.3293E-01     7.2776E-01     0.0000E+00     2.2329-314    -5.0356E-02
    2.05293     1.1534E+00     8.0726E-01     1.6024E-01     6.9313E-01     0.0000E+00     2.2329-314     3.7448E-02
    2.16098     1.1939E+00     7.6660E-01     3.7413E-01     6.1228E-01     0.0000E+00     2.2329-314    -4.5224E-02
    2.26903     1.2278E+00     7.3502E-01     3.1430E-01     5.4436E-01     0.0000E+00     2.2329-314     2.8011E-02
    2.37708     1.2716E+00     6.9739E-01     4.0521E-01     4.5680E-01     0.0000E+00     2.2329-314     9.2939E-02
    2.48513     1.3326E+00     6.5006E-01     5.6451E-01     3.3481E-01     0.0000E+00     2.2329-314     9.6474E-03
    2.59318     1.3904E+00     6.0995E-01     5.3490E-01     2.1922E-01     0.0000E+00     2.2329-314    -2.0281E-02
    2.70122     1.4404E+00     5.7847E-01     4.6266E-01     1.1924E-01     0.0000E+00     2.2329-314     5.6703E-02
    2.80927     1.4945E+00     5.4732E-01     5.0114E-01     1.0944E-02     0.0000E+00     2.2329-314     6.6199E-02
    2.91732     1.5523E+00     5.1707E-01     5.3445E-01    -1.0455E-01     0.0000E+00     2.2329-314    -6.8502E-02
    3.02537     1.5936E+00     4.9707E-01     3.8275E-01    -1.8726E-01     0.0000E+00     2.2329-314     4.5052E-02
    3.13342     1.6348E+00     4.7840E-01     3.8137E-01    -2.6968E-01     0.0000E+00     2.2329-314    -1.6399E-02
    3.24147     1.6670E+00     4.6464E-01     2.9724E-01    -3.3391E-01     0.0000E+00     2.2329-314     9.0716E-02
    3.34952     1.7038E+00     4.4964E-01     3.4109E-01    -4.0762E-01     0.0000E+00     2.2329-314    -3.5898E-02
    3.45757     1.7281E+00     4.4021E-01     2.2443E-01    -4.5612E-01     0.0000E+00     2.2329-314    -3.7742E-03
    3.56562     1.7441E+00     4.3414E-01     1.4885E-01    -4.8828E-01     0.0000E+00     2.2329-314     8.5909E-02
    3.67367     1.7634E+00     4.2704E-01     1.7826E-01    -5.2680E-01     0.0000E+00     2.2329-314     3.5777E-03
    3.78171     1.7749E+00     4.2289E-01     1.0659E-01    -5.4984E-01     0.0000E+00     2.2329-314     6.6103E-02
    3.88976     1.7866E+00     4.1875E-01     1.0821E-01    -5.7322E-01     0.0000E+00     2.2329-314     3.6039E-02
    3.99781     1.7945E+00     4.1601E-01     7.2642E-02    -5.8892E-01     0.0000E+00     2.2329-314     5.8585E-02
    4.10586     1.8013E+00     4.1365E-01     6.2885E-02    -6.0251E-01     0.0000E+00     2.2329-314    -3.4017E-03
    4.21391     1.7993E+00     4.1434E-01    -1.8371E-02    -5.9854E-01     0.0000E+00     2.2329-314    -4.0014E-02
    4.32196     1.7845E+00     4.1949E-01    -1.3658E-01    -5.6903E-01     0.0000E+00     2.2329-314     7.6587E-02
    4.43001     1.7723E+00     4.2383E-01    -1.1291E-01    -5.4463E-01     0.0000E+00     2.2329-314     1.1670E-02
    4.53806     1.7549E+00     4.3017E-01    -1.6150E-01    -5.0972E-01     0.0000E+00     2.2329-314     6.8317E-02
    4.64611     1.7399E+00     4.3573E-01    -1.3851E-01    -4.7979E-01     0.0000E+00     2.2329-314    -4.6490E-02
    4.75416     1.7134E+00     4.4588E-01    -2.4537E-01    -4.2677E-01     0.0000E+00     2.2329-314     4.3171E-02
    4.86220     1.6878E+00     4.5607E-01    -2.3701E-01    -3.7555E-01     0.0000E+00     2.2329-314    -8.3564E-02
    4.97025     1.6477E+00     4.7283E-01    -3.7136E-01    -2.9530E-01     0.0000E+00     2.2329-314    -2.8950E-02
    5.07830     1.6016E+00     4.9339E-01    -4.2664E-01    -2.0311E-01     0.0000E+00     2.2329-314     3.4529E-02
    5.18635     1.5593E+00     5.1360E-01    -3.9145E-01    -1.1852E-01     0.0000E+00     2.2329-314    -1.1619E-01
    5.29440     1.5017E+00     5.4342E-01    -5.3295E-01    -3.3467E-03     0.0000E+00     2.2329-314     4.5287E-02
    5.40245     1.4529E+00     5.7103E-01    -4.5170E-01     9.4264E-02     0.0000E+00     2.2329-314    -8.7072E-02
    5.51050     1.3953E+00     6.0671E-01    -5.3244E-01     2.0932E-01     0.0000E+00     2.2329-314     7.7841E-02
    5.61855     1.3556E+00     6.3355E-01    -3.6742E-01     2.8872E-01     0.0000E+00     2.2329-314     5.4724E-02
    5.72660     1.3320E+00     6.5049E-01    -2.1875E-01     3.3599E-01     0.0000E+00     2.2329-314     7.6391E-02
    5.83465     1.3287E+00     6.5291E-01    -3.0507E-02     3.4259E-01     0.0000E+00     2.2329-314     1.4715E-01
    5.94269     1.3561E+00     6.3325E-01     2.5334E-01     2.8784E-01     0.0000E+00     2.2329-314     9.1990E-02
    6.05074     1.3995E+00     6.0402E-01     4.0164E-01     2.0105E-01     0.0000E+00     2.2329-314     7.5042E-02
    6.15879     1.4520E+00     5.7156E-01     4.8588E-01     9.6050E-02     0.0000E+00     2.2329-314    -8.7916E-03
    6.26684     1.4985E+00     5.4516E-01     4.3038E-01     3.0466E-03     0.0000E+00     2.2329-314    -5.4445E-02
    6.37489     1.5326E+00     5.2705E-01     3.1596E-01    -6.5231E-02     0.0000E+00     2.2329-314     2.9571E-02
    6.48294     1.5668E+00     5.0991E-01     3.1600E-01    -1.3352E-01     0.0000E+00     2.2329-314     1.0068E-01
    6.59099     1.6096E+00     4.8969E-01     3.9645E-01    -2.1919E-01     0.0000E+00     2.2329-314     1.0773E-02
    6.69904     1.6473E+00     4.7300E-01     3.4857E-01    -2.9451E-01     0.0000E+00     2.2329-314     4.9957E-02
    6.80709     1.6845E+00     4.5741E-01     3.4431E-01    -3.6892E-01     0.0000E+00     2.2329-314    -1.3914E-02
    6.91514     1.7122E+00     4.4634E-01     2.5687E-01    -4.2443E-01     0.0000E+00     2.2329-314     7.7051E-02
    7.02318     1.7421E+00     4.3490E-01     2.7664E-01    -4.8421E-01     0.0000E+00     2.2329-314     2.9717E-02
    7.13123     1.7673E+00     4.2563E-01     2.3324E-01    -5.3461E-01     0.0000E+00     2.2329-314     1.0854E-01
    7.23928     1.7973E+00     4.1502E-01     2.7760E-01    -5.9460E-01     0.0000E+00     2.2329-314     4.2918E-02
    7.34733     1.8229E+00     4.0630E-01     2.3724E-01    -6.4587E-01     0.0000E+00     2.2329-314    -8.6226E-02
    7.45538     1.8281E+00     4.0457E-01     4.7900E-02    -6.5622E-01     0.0000E+00     2.2329-314    -4.6012E-02
    7.56343     1.8188E+00     4.0770E-01    -8.6553E-02    -6.3751E-01     0.0000E+00     2.2329-314    -5.7521E-02
    7.67148     1.7944E+00     4.1603E-01    -2.2549E-01    -5.8879E-01     0.0000E+00     2.2329-314    -6.9838E-02
    7.77953     1.7547E+00     4.3022E-01    -3.6716E-01    -5.0944E-01     0.0000E+00     2.2329-314     1.8632E-03
    7.88758     1.7102E+00     4.4714E-01    -4.1242E-01    -4.2032E-01     0.0000E+00     2.2329-314    -4.4663E-02
    7.99562     1.6562E+00     4.6918E-01    -4.9958E-01    -3.1236E-01     0.0000E+00     2.2329-314     5.2600E-02
    8.10367     1.6069E+00     4.9092E-01    -4.5595E-01    -2.1383E-01     0.0000E+00     2.2329-314     2.0644E-02
    8.21172     1.5596E+00     5.1345E-01    -4.3834E-01    -1.1911E-01     0.0000E+00     2.2329-314     1.0717E-01
    8.31977     1.5271E+00     5.2989E-01    -3.0004E-01    -5.4271E-02     0.0000E+00     2.2329-314    -2.8112E-02
    8.42782     1.4918E+00     5.4880E-01    -3.2667E-01     1.6321E-02     0.0000E+00     2.2329-314    -9.5054E-02
    8.53587     1.4454E+00     5.7547E-01    -4.2985E-01     1.0921E-01     0.0000E+00     2.2329-314    -9.8330E-02
 
 
    0.10805     2.0000E+00     3.5355E-01     0.0000E+00    -1.0000E+00     0.0000E+00     2.2329-314    -1.9919E-02
    0.21610     1.9849E+00     3.5759E-01    -1.3963E-01    -9.6983E-01     0.0000E+00     2.2329-314    -6.7497E-03
    0.32415     1.9572E+00     3.6520E-01    -2.5602E-01    -9.1450E-01     0.0000E+00     2.2329-314    -6.1857E-02
    0.43220     1.9116E+00     3.7836E-01    -4.2247E-01    -8.2320E-01     0.0000E+00     2.2329-314     4.3898E-02
    0.54024     1.8623E+00     3.9349E-01    -4.5640E-01    -7.2458E-01     0.0000E+00     2.2329-314     2.4990E-02
    0.64829     1.8084E+00     4.1120E-01    -4.9850E-01    -6.1685E-01     0.0000E+00     2.2329-314     8.5378E-02
    0.75634     1.7590E+00     4.2867E-01    -4.5789E-01    -5.1790E-01     0.0000E+00     2.2329-314     5.6376E-02
    0.86439     1.7116E+00     4.4659E-01    -4.3861E-01    -4.2312E-01     0.0000E+00     2.2329-314     1.6961E-02
    0.97244     1.6626E+00     4.6648E-01    -4.5337E-01    -3.2515E-01     0.0000E+00     2.2329-314    -1.2008E-02
    1.08049     1.6097E+00     4.8966E-01    -4.8953E-01    -2.1936E-01     0.0000E+00     2.2329-314    -1.0844E-02
    1.18854     1.5546E+00     5.1592E-01    -5.1006E-01    -1.0914E-01     0.0000E+00     2.2329-314    -7.5614E-02
    1.29659     1.4901E+00     5.4978E-01    -5.9686E-01     1.9843E-02     0.0000E+00     2.2329-314    -9.2869E-03
    1.40464     1.4272E+00     5.8654E-01    -5.8239E-01     1.4570E-01     0.0000E+00     2.2329-314    -1.0123E-01
    1.51269     1.3541E+00     6.3465E-01    -6.7624E-01     2.9183E-01     0.0000E+00     2.2329-314    -2.8186E-02
    1.62073     1.2836E+00     6.8767E-01    -6.5278E-01     4.3290E-01     0.0000E+00     2.2329-314     1.9030E-02
    1.72878     1.2262E+00     7.3652E-01    -5.3123E-01     5.4769E-01     0.0000E+00     2.2329-314    -1.0969E-01
    1.83683     1.1604E+00     7.9996E-01    -6.0818E-01     6.7912E-01     0.0000E+00     2.2329-314    -9.0022E-03
    1.94488     1.1096E+00     8.5554E-01    -4.7039E-01     7.8077E-01     0.0000E+00     2.2329-314    -1.1444E-01
    2.05293     1.0497E+00     9.2982E-01    -5.5445E-01     9.0059E-01     0.0000E+00     2.2329-314    -4.6692E-02
    2.16098     1.0048E+00     9.9289E-01    -4.1592E-01     9.9047E-01     0.0000E+00     2.2329-314     9.1957E-02
    2.26903     1.1979E+00     7.6274E-01     1.7873E+00     6.0424E-01     0.0000E+00     2.2329-314    -6.4762E-02
    2.37708     1.2724E+00     6.9671E-01     6.8995E-01     4.5514E-01     0.0000E+00     2.2329-314    -1.1961E-01
    2.48513     1.3164E+00     6.6213E-01     4.0650E-01     3.6730E-01     0.0000E+00     2.2329-314     7.0596E-02
    2.59318     1.3715E+00     6.2259E-01     5.1049E-01     2.5698E-01     0.0000E+00     2.2329-314     4.3051E-02
    2.70122     1.4295E+00     5.8510E-01     5.3655E-01     1.4103E-01     0.0000E+00     2.2329-314    -3.0502E-02
    2.80927     1.4777E+00     5.5670E-01     4.4626E-01     4.4599E-02     0.0000E+00     2.2329-314    -1.8255E-02
    2.91732     1.5188E+00     5.3428E-01     3.7996E-01    -3.7509E-02     0.0000E+00     2.2329-314     1.3401E-02
    3.02537     1.5572E+00     5.1464E-01     3.5543E-01    -1.1432E-01     0.0000E+00     2.2329-314    -4.0316E-02
    3.13342     1.5851E+00     5.0109E-01     2.5851E-01    -1.7018E-01     0.0000E+00     2.2329-314    -4.7183E-02
    3.24147     1.6021E+00     4.9314E-01     1.5735E-01    -2.0418E-01     0.0000E+00     2.2329-314    -7.4485E-02
    3.34952     1.6051E+00     4.9175E-01     2.7999E-02    -2.1023E-01     0.0000E+00     2.2329-314     4.4449E-02
    3.45757     1.6108E+00     4.8916E-01     5.2291E-02    -2.2153E-01     0.0000E+00     2.2329-314    -5.2232E-02
    3.56562     1.6060E+00     4.9134E-01    -4.4026E-02    -2.1202E-01     0.0000E+00     2.2329-314     1.0048E-01
    3.67367     1.6117E+00     4.8873E-01     5.2842E-02    -2.2344E-01     0.0000E+00     2.2329-314    -4.5773E-02
    3.78171     1.6078E+00     4.9050E-01    -3.5873E-02    -2.1569E-01     0.0000E+00     2.2329-314     3.5474E-02
    3.88976     1.6058E+00     4.9144E-01    -1.9142E-02    -2.1155E-01     0.0000E+00     2.2329-314    -1.7753E-03
    3.99781     1.6006E+00     4.9385E-01    -4.8244E-02    -2.0112E-01     0.0000E+00     2.2329-314     2.7727E-03
    4.10586     1.5931E+00     4.9730E-01    -6.8680E-02    -1.8628E-01     0.0000E+00     2.2329-314     2.1073E-02
    4.21391     1.5863E+00     5.0053E-01    -6.3552E-02    -1.7255E-01     0.0000E+00     2.2329-314     5.0705E-02
    4.32196     1.5841E+00     5.0158E-01    -2.0452E-02    -1.6813E-01     0.0000E+00     2.2329-314     5.1982E-02
    4.43001     1.5865E+00     5.0045E-01     2.2146E-02    -1.7291E-01     0.0000E+00     2.2329-314     1.3868E-01
    4.53806     1.6046E+00     4.9199E-01     1.6779E-01    -2.0917E-01     0.0000E+00     2.2329-314    -1.5519E-02
    4.64611     1.6164E+00     4.8662E-01     1.0899E-01    -2.3273E-01     0.0000E+00     2.2329-314     4.7361E-02
    4.75416     1.6302E+00     4.8043E-01     1.2817E-01    -2.6042E-01     0.0000E+00     2.2329-314    -5.3841E-02
    4.86220     1.6324E+00     4.7946E-01     2.0526E-02    -2.6486E-01     0.0000E+00     2.2329-314    -2.2376E-02
    4.97025     1.6278E+00     4.8148E-01    -4.2411E-02    -2.5569E-01     0.0000E+00     2.2329-314     5.1478E-02
    5.07830     1.6266E+00     4.8203E-01    -1.1380E-02    -2.5324E-01     0.0000E+00     2.2329-314    -1.1369E-01
    5.18635     1.6071E+00     4.9086E-01    -1.8109E-01    -2.1410E-01     0.0000E+00     2.2329-314     8.4367E-03
    5.29440     1.5866E+00     5.0036E-01    -1.8896E-01    -1.7327E-01     0.0000E+00     2.2329-314    -1.3391E-02
    5.40245     1.5631E+00     5.1170E-01    -2.1779E-01    -1.2621E-01     0.0000E+00     2.2329-314    -7.9248E-03
    5.51050     1.5380E+00     5.2428E-01    -2.3227E-01    -7.6014E-02     0.0000E+00     2.2329-314     3.2658E-02
    5.61855     1.5177E+00     5.3484E-01    -1.8802E-01    -3.5383E-02     0.0000E+00     2.2329-314    -4.4770E-02
    5.72660     1.4919E+00     5.4877E-01    -2.3868E-01     1.6196E-02     0.0000E+00     2.2329-314     1.1323E-02
    5.83465     1.4695E+00     5.6136E-01    -2.0727E-01     6.0987E-02     0.0000E+00     2.2329-314    -1.0209E-01
    5.94269     1.4349E+00     5.8180E-01    -3.2037E-01     1.3022E-01     0.0000E+00     2.2329-314     1.0593E-02
    6.05074     1.4059E+00     5.9986E-01    -2.6791E-01     1.8811E-01     0.0000E+00     2.2329-314    -3.2751E-02
    6.15879     1.3770E+00     6.1887E-01    -2.6794E-01     2.4601E-01     0.0000E+00     2.2329-314    -7.5162E-02
    6.26684     1.3424E+00     6.4294E-01    -3.2001E-01     3.1517E-01     0.0000E+00     2.2329-314     8.3999E-02
    6.37489     1.3292E+00     6.5252E-01    -1.2196E-01     3.4152E-01     0.0000E+00     2.2329-314     5.6334E-03
    6.48294     1.3242E+00     6.5626E-01    -4.6774E-02     3.5163E-01     0.0000E+00     2.2329-314    -4.6318E-02
    6.59099     1.3181E+00     6.6079E-01    -5.6029E-02     3.6374E-01     0.0000E+00     2.2329-314     9.2947E-03
    6.69904     1.3207E+00     6.5884E-01     2.3993E-02     3.5855E-01     0.0000E+00     2.2329-314     2.8841E-03
    6.80709     1.3298E+00     6.5208E-01     8.4424E-02     3.4031E-01     0.0000E+00     2.2329-314    -1.9788E-02
    6.91514     1.3406E+00     6.4427E-01     9.9204E-02     3.1887E-01     0.0000E+00     2.2329-314     5.4981E-02
    7.02318     1.3645E+00     6.2742E-01     2.2124E-01     2.7106E-01     0.0000E+00     2.2329-314    -1.1607E-01
    7.13123     1.3716E+00     6.2250E-01     6.6447E-02     2.5670E-01     0.0000E+00     2.2329-314     6.6214E-02
    7.23928     1.3927E+00     6.0844E-01     1.9477E-01     2.1462E-01     0.0000E+00     2.2329-314     5.9403E-02
    7.34733     1.4240E+00     5.8851E-01     2.8934E-01     1.5209E-01     0.0000E+00     2.2329-314    -1.0784E-02
    7.45538     1.4525E+00     5.7123E-01     2.6445E-01     9.4944E-02     0.0000E+00     2.2329-314    -4.1330E-02
    7.56343     1.4736E+00     5.5900E-01     1.9534E-01     5.2731E-02     0.0000E+00     2.2329-314    -2.9231E-02
    7.67148     1.4894E+00     5.5016E-01     1.4570E-01     2.1244E-02     0.0000E+00     2.2329-314     7.7416E-02
    7.77953     1.5149E+00     5.3631E-01     2.3644E-01    -2.9850E-02     0.0000E+00     2.2329-314    -1.2900E-02
    7.88758     1.5360E+00     5.2533E-01     1.9463E-01    -7.1909E-02     0.0000E+00     2.2329-314     5.9571E-02
    7.99562     1.5623E+00     5.1210E-01     2.4373E-01    -1.2458E-01     0.0000E+00     2.2329-314     4.1685E-02
    8.10367     1.5903E+00     4.9865E-01     2.5887E-01    -1.8052E-01     0.0000E+00     2.2329-314    -9.5330E-03
    8.21172     1.6122E+00     4.8852E-01     2.0289E-01    -2.2436E-01     0.0000E+00     2.2329-314     9.4900E-02
    8.31977     1.6418E+00     4.7538E-01     2.7368E-01    -2.8351E-01     0.0000E+00     2.2329-314    -1.4518E-02
    8.42782     1.6633E+00     4.6616E-01     1.9972E-01    -3.2667E-01     0.0000E+00     2.2329-314     1.1699E-01
    8.53587     1.6939E+00     4.5358E-01     2.8316E-01    -3.8786E-01     0.0000E+00     2.2329-314    -4.6339E-02
 
 
    0.10805     2.0000E+00     3.5355E-01     0.0000E+00    -1.0000E+00     0.0000E+00     2.2329-314    -7.8402E-02
    0.21610     1.9780E+00     3.5946E-01    -2.0340E-01    -9.5605E-01     0.0000E+00     2.2329-314    -1.3559E-02
    0.32415     1.9431E+00     3.6920E-01    -3.2333E-01    -8.8618E-01     0.0000E+00     2.2329-314     7.7795E-03
    0.43220     1.8990E+00     3.8212E-01    -4.0773E-01    -7.9807E-01     0.0000E+00     2.2329-314    -4.9557E-02
    0.54024     1.8404E+00     4.0053E-01    -5.4286E-01    -6.8076E-01     0.0000E+00     2.2329-314    -6.8765E-02
    0.64829     1.7666E+00     4.2588E-01    -6.8270E-01    -5.3323E-01     0.0000E+00     2.2329-314    -4.2020E-02
    0.75634     1.6831E+00     4.5796E-01    -7.7282E-01    -3.6622E-01     0.0000E+00     2.2329-314     1.1765E-01
    0.86439     1.6123E+00     4.8845E-01    -6.5516E-01    -2.2464E-01     0.0000E+00     2.2329-314     8.8306E-02
    0.97244     1.5526E+00     5.1692E-01    -5.5301E-01    -1.0514E-01     0.0000E+00     2.2329-314    -6.2493E-02
    1.08049     1.4853E+00     5.5241E-01    -6.2219E-01     2.9315E-02     0.0000E+00     2.2329-314    -6.4247E-02
    1.18854     1.4121E+00     5.9596E-01    -6.7821E-01     1.7587E-01     0.0000E+00     2.2329-314    -2.3855E-02
    1.29659     1.3404E+00     6.4440E-01    -6.6341E-01     3.1924E-01     0.0000E+00     2.2329-314     4.1149E-03
    1.40464     1.2769E+00     6.9302E-01    -5.8713E-01     4.4611E-01     0.0000E+00     2.2329-314    -2.0200E-04
    1.51269     1.2240E+00     7.3847E-01    -4.9009E-01     5.5202E-01     0.0000E+00     2.2329-314    -3.9727E-02
    1.62073     1.1771E+00     7.8304E-01    -4.3400E-01     6.4581E-01     0.0000E+00     2.2329-314    -7.3507E-02
    1.72878     1.1314E+00     8.3090E-01    -4.2250E-01     7.3711E-01     0.0000E+00     2.2329-314     1.3437E-02
    1.83683     1.1132E+00     8.5145E-01    -1.6914E-01     7.7366E-01     0.0000E+00     2.2329-314    -1.3045E-01
    1.94488     1.0829E+00     8.8743E-01    -2.8040E-01     8.3425E-01     0.0000E+00     2.2329-314     1.4647E-02
    2.05293     1.0941E+00     8.7385E-01     1.0353E-01     8.1188E-01     0.0000E+00     2.2329-314     5.5757E-02
    2.16098     1.1490E+00     8.1197E-01     5.0810E-01     7.0208E-01     0.0000E+00     2.2329-314     7.3580E-02
    2.26903     1.2200E+00     7.4209E-01     6.5754E-01     5.5999E-01     0.0000E+00     2.2329-314     9.0118E-02
    2.37708     1.3005E+00     6.7431E-01     7.4454E-01     3.9909E-01     0.0000E+00     2.2329-314    -2.7770E-02
    2.48513     1.3657E+00     6.2656E-01     6.0396E-01     2.6858E-01     0.0000E+00     2.2329-314    -1.4609E-02
    2.59318     1.4227E+00     5.8931E-01     5.2718E-01     1.5466E-01     0.0000E+00     2.2329-314     1.1835E-01
    2.70122     1.4922E+00     5.4858E-01     6.4385E-01     1.5521E-02     0.0000E+00     2.2329-314    -5.2507E-02
    2.80927     1.5465E+00     5.1996E-01     5.0236E-01    -9.3038E-02     0.0000E+00     2.2329-314     4.7140E-02
    2.91732     1.6006E+00     4.9383E-01     5.0044E-01    -2.0118E-01     0.0000E+00     2.2329-314    -4.5597E-03
    3.02537     1.6465E+00     4.7332E-01     4.2497E-01    -2.9302E-01     0.0000E+00     2.2329-314     8.1266E-02
    3.13342     1.6953E+00     4.5304E-01     4.5151E-01    -3.9059E-01     0.0000E+00     2.2329-314    -5.9098E-03
    3.24147     1.7345E+00     4.3777E-01     3.6257E-01    -4.6894E-01     0.0000E+00     2.2329-314    -2.6237E-02
    3.34952     1.7615E+00     4.2775E-01     2.4982E-01    -5.2292E-01     0.0000E+00     2.2329-314    -1.7446E-02
    3.45757     1.7777E+00     4.2192E-01     1.4985E-01    -5.5531E-01     0.0000E+00     2.2329-314    -4.0906E-03
    3.56562     1.7850E+00     4.1932E-01     6.8050E-02    -5.7001E-01     0.0000E+00     2.2329-314     1.7779E-02
    3.67367     1.7865E+00     4.1877E-01     1.4264E-02    -5.7309E-01     0.0000E+00     2.2329-314    -1.3807E-02
    3.78171     1.7787E+00     4.2156E-01    -7.3008E-02    -5.5732E-01     0.0000E+00     2.2329-314     1.2291E-02
    3.88976     1.7652E+00     4.2638E-01    -1.2429E-01    -5.3046E-01     0.0000E+00     2.2329-314     5.1552E-02
    3.99781     1.7517E+00     4.3132E-01    -1.2492E-01    -5.0346E-01     0.0000E+00     2.2329-314     4.1885E-02
    4.10586     1.7373E+00     4.3669E-01    -1.3324E-01    -4.7467E-01     0.0000E+00     2.2329-314    -4.3133E-02
    4.21391     1.7118E+00     4.4648E-01    -2.3590E-01    -4.2370E-01     0.0000E+00     2.2329-314    -6.3134E-02
    4.32196     1.6739E+00     4.6176E-01    -3.5155E-01    -3.4773E-01     0.0000E+00     2.2329-314     7.7074E-02
    4.43001     1.6427E+00     4.7497E-01    -2.8843E-01    -2.8540E-01     0.0000E+00     2.2329-314    -1.8788E-02
    4.53806     1.6067E+00     4.9103E-01    -3.3345E-01    -2.1334E-01     0.0000E+00     2.2329-314    -1.7321E-02
    4.64611     1.5671E+00     5.0973E-01    -3.6593E-01    -1.3426E-01     0.0000E+00     2.2329-314     1.4164E-02
    4.75416     1.5295E+00     5.2864E-01    -3.4797E-01    -5.9068E-02     0.0000E+00     2.2329-314     8.7656E-02
    4.86220     1.5051E+00     5.4159E-01    -2.2652E-01    -1.0118E-02     0.0000E+00     2.2329-314    -2.5450E-02
    4.97025     1.4784E+00     5.5633E-01    -2.4712E-01     4.3285E-02     0.0000E+00     2.2329-314     8.2026E-02
    5.07830     1.4656E+00     5.6362E-01    -1.1821E-01     6.8831E-02     0.0000E+00     2.2329-314    -5.9329E-02
    5.18635     1.4462E+00     5.7496E-01    -1.7902E-01     1.0752E-01     0.0000E+00     2.2329-314    -5.7643E-02
    5.29440     1.4215E+00     5.9004E-01    -2.2903E-01     1.5701E-01     0.0000E+00     2.2329-314     9.9049E-03
    5.40245     1.4024E+00     6.0214E-01    -1.7687E-01     1.9523E-01     0.0000E+00     2.2329-314     2.2009E-02
    5.51050     1.3912E+00     6.0944E-01    -1.0380E-01     2.1766E-01     0.0000E+00     2.2329-314    -7.3827E-02
    5.61855     1.3731E+00     6.2152E-01    -1.6733E-01     2.5382E-01     0.0000E+00     2.2329-314    -1.5424E-02
    5.72660     1.3582E+00     6.3173E-01    -1.3741E-01     2.8352E-01     0.0000E+00     2.2329-314    -1.1411E-02
    5.83465     1.3476E+00     6.3922E-01    -9.8309E-02     3.0476E-01     0.0000E+00     2.2329-314    -7.9282E-03
    5.94269     1.3419E+00     6.4332E-01    -5.3032E-02     3.1622E-01     0.0000E+00     2.2329-314     2.5716E-02
    6.05074     1.3463E+00     6.4014E-01     4.1093E-02     3.0734E-01     0.0000E+00     2.2329-314     1.9440E-02
    6.15879     1.3587E+00     6.3143E-01     1.1425E-01     2.8265E-01     0.0000E+00     2.2329-314    -5.4182E-03
    6.26684     1.3735E+00     6.2123E-01     1.3735E-01     2.5297E-01     0.0000E+00     2.2329-314     4.8854E-03
    6.37489     1.3916E+00     6.0912E-01     1.6782E-01     2.1671E-01     0.0000E+00     2.2329-314    -9.4852E-02
    6.48294     1.3968E+00     6.0578E-01     4.7424E-02     2.0646E-01     0.0000E+00     2.2329-314    -1.9037E-02
    6.59099     1.4018E+00     6.0251E-01     4.6622E-02     1.9638E-01     0.0000E+00     2.2329-314     8.3135E-02
    6.69904     1.4221E+00     5.8966E-01     1.8781E-01     1.5580E-01     0.0000E+00     2.2329-314    -2.7995E-03
    6.80709     1.4423E+00     5.7731E-01     1.8710E-01     1.1537E-01     0.0000E+00     2.2329-314     5.9098E-02
    6.91514     1.4709E+00     5.6055E-01     2.6480E-01     5.8143E-02     0.0000E+00     2.2329-314     2.4668E-02
    7.02318     1.5011E+00     5.4373E-01     2.7929E-01    -2.2110E-03     0.0000E+00     2.2329-314     4.5353E-02
    7.13123     1.5347E+00     5.2595E-01     3.1128E-01    -6.9479E-02     0.0000E+00     2.2329-314     4.2218E-02
    7.23928     1.5701E+00     5.0828E-01     3.2731E-01    -1.4021E-01     0.0000E+00     2.2329-314    -5.1875E-02
    7.34733     1.5935E+00     4.9713E-01     2.1662E-01    -1.8702E-01     0.0000E+00     2.2329-314     4.6594E-02
    7.45538     1.6186E+00     4.8561E-01     2.3233E-01    -2.3723E-01     0.0000E+00     2.2329-314    -3.6602E-02
    7.56343     1.6337E+00     4.7889E-01     1.3982E-01    -2.6744E-01     0.0000E+00     2.2329-314     3.2834E-02
    7.67148     1.6483E+00     4.7255E-01     1.3482E-01    -2.9658E-01     0.0000E+00     2.2329-314    -2.7197E-02
    7.77953     1.6542E+00     4.7001E-01     5.4875E-02    -3.0843E-01     0.0000E+00     2.2329-314     4.7239E-02
    7.88758     1.6615E+00     4.6691E-01     6.7751E-02    -3.2308E-01     0.0000E+00     2.2329-314    -3.5770E-02
    7.99562     1.6593E+00     4.6786E-01    -2.0737E-02    -3.1859E-01     0.0000E+00     2.2329-314     2.9766E-02
    8.10367     1.6566E+00     4.6902E-01    -2.5320E-02    -3.1312E-01     0.0000E+00     2.2329-314     9.4491E-03
    8.21172     1.6508E+00     4.7147E-01    -5.3127E-02    -3.0164E-01     0.0000E+00     2.2329-314    -3.0990E-02
    8.31977     1.6372E+00     4.7737E-01    -1.2617E-01    -2.7438E-01     0.0000E+00     2.2329-314     4.4015E-02
    8.42782     1.6262E+00     4.8223E-01    -1.0200E-01    -2.5234E-01     0.0000E+00     2.2329-314    -1.1249E-02
    8.53587     1.6107E+00     4.8917E-01    -1.4275E-01    -2.2149E-01     0.0000E+00     2.2329-314    -1.1431E-01
