BEHD @ YYE. Sim. done on 2023-10-28   12h45
### Sim. w/ κ =    0.500 ; and ∆_0 =  2.00; T =    2.98E+05
 ## r =  1.00E-06 ; rhosty =  1.05E+03 ; rhosol =  1.00E+03
 ## k =  2.00 ; ∆_eq =  2.00 ; num_particle =      10
  Time        mass            Force z            Noise z            Noise x            Noise Θ
    0.10805        3.298672E-09       -1.000000E+00       -3.514774E-02        0.000000E+00       -0.000000E+00
    0.21610        3.298672E-09       -9.662381E-01       -3.753561E-03        0.000000E+00       -0.000000E+00
    0.32415        3.298672E-09       -9.082536E-01       -1.485277E-02        0.000000E+00       -0.000000E+00
    0.43220        3.298672E-09       -8.256993E-01       -1.466490E-02        0.000000E+00       -0.000000E+00
    0.54024        3.298672E-09       -7.214605E-01        8.162963E-03       -0.000000E+00       -0.000000E+00
    0.64829        3.298672E-09       -6.042988E-01       -3.319628E-02       -0.000000E+00       -0.000000E+00
    0.75634        3.298672E-09       -4.674296E-01       -1.269562E-02        0.000000E+00       -0.000000E+00
    0.86439        3.298672E-09       -3.198048E-01       -4.567032E-02       -0.000000E+00        0.000000E+00
    0.97244        3.298672E-09       -1.568963E-01        7.589641E-02        0.000000E+00        0.000000E+00
    1.08049        3.298672E-09       -1.507062E-02        7.944722E-03       -0.000000E+00       -0.000000E+00
    1.18854        3.298672E-09        1.198092E-01       -7.076276E-02       -0.000000E+00       -0.000000E+00
    1.29659        3.298672E-09        2.665995E-01        2.514993E-02        0.000000E+00       -0.000000E+00
    1.40464        3.298672E-09        3.922391E-01       -4.918074E-02        0.000000E+00       -0.000000E+00
    1.51269        3.298672E-09        5.160141E-01       -3.838989E-02       -0.000000E+00        0.000000E+00
    1.62073        3.298672E-09        6.298824E-01       -1.031889E-02        0.000000E+00       -0.000000E+00
    1.72878        3.298672E-09        7.153736E-01       -3.515001E-02        0.000000E+00       -0.000000E+00
    1.83683        3.298672E-09        7.744856E-01        1.501337E-01       -0.000000E+00       -0.000000E+00
    1.94488        3.298672E-09        6.859296E-01       -4.421147E-03        0.000000E+00       -0.000000E+00
    2.05293        3.298672E-09        5.938345E-01       -3.559293E-02       -0.000000E+00        0.000000E+00
    2.16098        3.298672E-09        5.146252E-01        6.972473E-02        0.000000E+00       -0.000000E+00
    2.26903        3.298672E-09        4.042041E-01        7.275656E-02        0.000000E+00        0.000000E+00
    2.37708        3.298672E-09        2.746394E-01       -7.634410E-02        0.000000E+00        0.000000E+00
    2.48513        3.298672E-09        1.809792E-01       -6.260716E-02        0.000000E+00        0.000000E+00
    2.59318        3.298672E-09        1.122902E-01       -1.496743E-02        0.000000E+00       -0.000000E+00
    2.70122        3.298672E-09        5.194626E-02        1.326565E-02       -0.000000E+00       -0.000000E+00
    2.80927        3.298672E-09       -7.749791E-03        5.877733E-02       -0.000000E+00        0.000000E+00
    2.91732        3.298672E-09       -7.801487E-02        9.179703E-03        0.000000E+00        0.000000E+00
    3.02537        3.298672E-09       -1.421998E-01        8.105073E-03        0.000000E+00        0.000000E+00
    3.13342        3.298672E-09       -1.991185E-01       -1.696370E-02        0.000000E+00        0.000000E+00
    3.24147        3.298672E-09       -2.414697E-01       -7.237971E-02        0.000000E+00       -0.000000E+00
    3.34952        3.298672E-09       -2.550172E-01       -6.760363E-03       -0.000000E+00        0.000000E+00
    3.45757        3.298672E-09       -2.586769E-01        5.415513E-02        0.000000E+00        0.000000E+00
    3.56562        3.298672E-09       -2.688602E-01       -1.720505E-02        0.000000E+00       -0.000000E+00
    3.67367        3.298672E-09       -2.663147E-01        9.693932E-04        0.000000E+00       -0.000000E+00
    3.78171        3.298672E-09       -2.566358E-01        1.958323E-02        0.000000E+00        0.000000E+00
    3.88976        3.298672E-09       -2.453594E-01        7.038759E-02        0.000000E+00        0.000000E+00
    3.99781        3.298672E-09       -2.461593E-01       -8.426838E-02        0.000000E+00       -0.000000E+00
    4.10586        3.298672E-09       -2.179030E-01       -5.016634E-03       -0.000000E+00       -0.000000E+00
    4.21391        3.298672E-09       -1.837409E-01       -2.139186E-02        0.000000E+00       -0.000000E+00
    4.32196        3.298672E-09       -1.405986E-01       -3.255317E-02        0.000000E+00       -0.000000E+00
    4.43001        3.298672E-09       -8.712417E-02        1.812925E-02        0.000000E+00        0.000000E+00
    4.53806        3.298672E-09       -3.904863E-02       -2.708177E-02       -0.000000E+00        0.000000E+00
    4.64611        3.298672E-09        1.481314E-02        2.988065E-02       -0.000000E+00       -0.000000E+00
    4.75416        3.298672E-09        5.661249E-02       -2.404024E-03       -0.000000E+00       -0.000000E+00
    4.86220        3.298672E-09        9.467069E-02       -1.334446E-02       -0.000000E+00       -0.000000E+00
    4.97025        3.298672E-09        1.310953E-01       -7.925695E-02       -0.000000E+00        0.000000E+00
    5.07830        3.298672E-09        1.841622E-01       -8.752392E-03        0.000000E+00       -0.000000E+00
    5.18635        3.298672E-09        2.303582E-01        1.359851E-02        0.000000E+00       -0.000000E+00
    5.29440        3.298672E-09        2.614147E-01        4.483787E-02        0.000000E+00       -0.000000E+00
    5.40245        3.298672E-09        2.671275E-01       -1.516966E-02       -0.000000E+00        0.000000E+00
    5.51050        3.298672E-09        2.681898E-01       -9.639305E-02        0.000000E+00       -0.000000E+00
    5.61855        3.298672E-09        2.906227E-01       -5.174184E-02        0.000000E+00        0.000000E+00
    5.72660        3.298672E-09        3.177614E-01        5.864655E-02        0.000000E+00       -0.000000E+00
    5.83465        3.298672E-09        3.124516E-01        6.337839E-02       -0.000000E+00        0.000000E+00
    5.94269        3.298672E-09        2.764672E-01        7.731901E-02       -0.000000E+00        0.000000E+00
    6.05074        3.298672E-09        2.109403E-01        1.247770E-01        0.000000E+00       -0.000000E+00
    6.15879        3.298672E-09        1.083713E-01        8.925476E-04        0.000000E+00       -0.000000E+00
    6.26684        3.298672E-09        1.440649E-02        9.062440E-02       -0.000000E+00        0.000000E+00
    6.37489        3.298672E-09       -9.561872E-02       -9.492619E-02       -0.000000E+00        0.000000E+00
    6.48294        3.298672E-09       -1.664656E-01        3.620256E-03        0.000000E+00       -0.000000E+00
    6.59099        3.298672E-09       -2.276553E-01        7.756828E-02        0.000000E+00        0.000000E+00
    6.69904        3.298672E-09       -2.980564E-01       -9.386977E-02       -0.000000E+00       -0.000000E+00
    6.80709        3.298672E-09       -3.307443E-01       -6.607902E-02        0.000000E+00       -0.000000E+00
    6.91514        3.298672E-09       -3.351478E-01        1.013690E-02       -0.000000E+00       -0.000000E+00
    7.02318        3.298672E-09       -3.325480E-01        3.450114E-02       -0.000000E+00       -0.000000E+00
    7.13123        3.298672E-09       -3.296775E-01        2.685744E-02        0.000000E+00        0.000000E+00
    7.23928        3.298672E-09       -3.246711E-01        1.242953E-03       -0.000000E+00        0.000000E+00
    7.34733        3.298672E-09       -3.112146E-01       -1.000660E-01        0.000000E+00       -0.000000E+00
    7.45538        3.298672E-09       -2.640654E-01       -2.075487E-04        0.000000E+00       -0.000000E+00
    7.56343        3.298672E-09       -2.119313E-01       -3.111210E-02       -0.000000E+00        0.000000E+00
    7.67148        3.298672E-09       -1.483702E-01       -6.484883E-02        0.000000E+00       -0.000000E+00
    7.77953        3.298672E-09       -6.655837E-02       -8.273960E-03       -0.000000E+00       -0.000000E+00
    7.88758        3.298672E-09        1.531098E-02       -9.509039E-02       -0.000000E+00        0.000000E+00
    7.99562        3.298672E-09        1.191266E-01        2.091159E-03        0.000000E+00       -0.000000E+00
    8.10367        3.298672E-09        2.136322E-01       -6.965083E-02       -0.000000E+00        0.000000E+00
    8.21172        3.298672E-09        3.175110E-01       -1.170837E-01       -0.000000E+00       -0.000000E+00
    8.31977        3.298672E-09        4.433694E-01       -2.767068E-02       -0.000000E+00       -0.000000E+00
    8.42782        3.298672E-09        5.581663E-01        4.408204E-02       -0.000000E+00        0.000000E+00
    8.53587        3.298672E-09        6.272609E-01        2.042674E-02       -0.000000E+00       -0.000000E+00
    0.10805        3.298672E-09       -1.000000E+00       -2.993516E-02       -0.000000E+00       -0.000000E+00
    0.21610        3.298672E-09       -9.674663E-01       -2.552909E-02       -0.000000E+00       -0.000000E+00
    0.32415        3.298672E-09       -9.054897E-01        2.638821E-02        0.000000E+00       -0.000000E+00
    0.43220        3.298672E-09       -8.289443E-01       -7.399520E-02       -0.000000E+00       -0.000000E+00
    0.54024        3.298672E-09       -7.162468E-01       -2.459835E-02        0.000000E+00       -0.000000E+00
    0.64829        3.298672E-09       -5.830677E-01        3.575022E-02       -0.000000E+00        0.000000E+00
    0.75634        3.298672E-09       -4.480554E-01       -1.075345E-02        0.000000E+00       -0.000000E+00
    0.86439        3.298672E-09       -3.032313E-01        3.109859E-02        0.000000E+00       -0.000000E+00
    0.97244        3.298672E-09       -1.632786E-01       -2.553687E-02        0.000000E+00        0.000000E+00
    1.08049        3.298672E-09       -1.709225E-02        2.688513E-02        0.000000E+00        0.000000E+00
    1.18854        3.298672E-09        1.169509E-01        3.834910E-02       -0.000000E+00       -0.000000E+00
    1.29659        3.298672E-09        2.310698E-01        7.846104E-02       -0.000000E+00        0.000000E+00
    1.40464        3.298672E-09        3.082748E-01       -4.602381E-02       -0.000000E+00       -0.000000E+00
    1.51269        3.298672E-09        3.849130E-01        1.800735E-02       -0.000000E+00       -0.000000E+00
    1.62073        3.298672E-09        4.364151E-01        6.947520E-02       -0.000000E+00        0.000000E+00
    1.72878        3.298672E-09        4.423042E-01       -3.086064E-02        0.000000E+00        0.000000E+00
    1.83683        3.298672E-09        4.417998E-01        5.404184E-02        0.000000E+00       -0.000000E+00
    1.94488        3.298672E-09        4.053087E-01        2.962155E-03       -0.000000E+00       -0.000000E+00
    2.05293        3.298672E-09        3.580797E-01        2.594060E-02       -0.000000E+00        0.000000E+00
    2.16098        3.298672E-09        2.960117E-01        7.944375E-02        0.000000E+00        0.000000E+00
    2.26903        3.298672E-09        2.066999E-01       -3.565774E-02        0.000000E+00        0.000000E+00
    2.37708        3.298672E-09        1.331643E-01       -1.243483E-01        0.000000E+00       -0.000000E+00
    2.48513        3.298672E-09        1.003657E-01        9.355551E-02        0.000000E+00        0.000000E+00
    2.59318        3.298672E-09        4.048648E-02        6.722136E-02        0.000000E+00       -0.000000E+00
    2.70122        3.298672E-09       -3.379748E-02        2.768917E-03       -0.000000E+00       -0.000000E+00
    2.80927        3.298672E-09       -1.008199E-01       -1.894066E-03       -0.000000E+00       -0.000000E+00
    2.91732        3.298672E-09       -1.585622E-01       -1.736368E-02        0.000000E+00        0.000000E+00
    3.02537        3.298672E-09       -2.024600E-01       -3.361185E-03        0.000000E+00       -0.000000E+00
    3.13342        3.298672E-09       -2.364026E-01       -7.176849E-02        0.000000E+00       -0.000000E+00
    3.24147        3.298672E-09       -2.424536E-01        6.130284E-02       -0.000000E+00       -0.000000E+00
    3.34952        3.298672E-09       -2.572182E-01       -1.369028E-02       -0.000000E+00       -0.000000E+00
    3.45757        3.298672E-09       -2.601521E-01        1.091745E-01        0.000000E+00        0.000000E+00
    3.56562        3.298672E-09       -2.839294E-01       -5.676259E-02        0.000000E+00       -0.000000E+00
    3.67367        3.298672E-09       -2.834483E-01       -5.136348E-02        0.000000E+00       -0.000000E+00
    3.78171        3.298672E-09       -2.617056E-01        7.863675E-02       -0.000000E+00       -0.000000E+00
    3.88976        3.298672E-09       -2.542722E-01       -2.782995E-02       -0.000000E+00       -0.000000E+00
    3.99781        3.298672E-09       -2.328196E-01        9.629820E-02        0.000000E+00        0.000000E+00
    4.10586        3.298672E-09       -2.312058E-01        8.066214E-02        0.000000E+00        0.000000E+00
    4.21391        3.298672E-09       -2.442081E-01        7.536199E-02        0.000000E+00       -0.000000E+00
    4.32196        3.298672E-09       -2.690797E-01        3.961437E-04        0.000000E+00       -0.000000E+00
    4.43001        3.298672E-09       -2.847863E-01        3.889089E-04        0.000000E+00       -0.000000E+00
    4.53806        3.298672E-09       -2.915586E-01        7.780916E-03       -0.000000E+00       -0.000000E+00
    4.64611        3.298672E-09       -2.917152E-01        3.410066E-02       -0.000000E+00       -0.000000E+00
    4.75416        3.298672E-09       -2.924671E-01       -2.561581E-02        0.000000E+00       -0.000000E+00
    4.86220        3.298672E-09       -2.783248E-01       -6.744255E-03        0.000000E+00       -0.000000E+00
    4.97025        3.298672E-09       -2.554155E-01        4.240506E-02        0.000000E+00        0.000000E+00
    5.07830        3.298672E-09       -2.376410E-01       -4.587885E-02       -0.000000E+00       -0.000000E+00
    5.18635        3.298672E-09       -2.021555E-01       -6.686644E-03        0.000000E+00       -0.000000E+00
    5.29440        3.298672E-09       -1.611404E-01        5.288500E-02       -0.000000E+00       -0.000000E+00
    5.40245        3.298672E-09       -1.318992E-01       -8.407968E-02       -0.000000E+00        0.000000E+00
    5.51050        3.298672E-09       -7.799214E-02       -5.005569E-02        0.000000E+00        0.000000E+00
    5.61855        3.298672E-09       -1.120548E-02       -5.358380E-02        0.000000E+00       -0.000000E+00
    5.72660        3.298672E-09        6.710881E-02        4.256305E-02       -0.000000E+00        0.000000E+00
    5.83465        3.298672E-09        1.268740E-01        2.358102E-02        0.000000E+00        0.000000E+00
    5.94269        3.298672E-09        1.719938E-01       -6.164743E-02       -0.000000E+00       -0.000000E+00
    6.05074        3.298672E-09        2.269427E-01       -2.202079E-02        0.000000E+00       -0.000000E+00
    6.15879        3.298672E-09        2.774255E-01       -2.981297E-02        0.000000E+00        0.000000E+00
    6.26684        3.298672E-09        3.242622E-01       -1.018142E-01       -0.000000E+00        0.000000E+00
    6.37489        3.298672E-09        3.893964E-01       -6.874036E-03       -0.000000E+00        0.000000E+00
    6.48294        3.298672E-09        4.379683E-01       -9.494807E-02       -0.000000E+00       -0.000000E+00
    6.59099        3.298672E-09        4.995933E-01       -6.751001E-02        0.000000E+00       -0.000000E+00
    6.69904        3.298672E-09        5.616520E-01        7.346990E-03        0.000000E+00        0.000000E+00
    6.80709        3.298672E-09        5.911683E-01        5.462680E-02        0.000000E+00       -0.000000E+00
    6.91514        3.298672E-09        5.675034E-01        5.952555E-02        0.000000E+00       -0.000000E+00
    7.02318        3.298672E-09        4.991347E-01        2.438057E-02        0.000000E+00        0.000000E+00
    7.13123        3.298672E-09        4.147754E-01       -2.350297E-02        0.000000E+00       -0.000000E+00
    7.23928        3.298672E-09        3.380963E-01       -1.462630E-01        0.000000E+00        0.000000E+00
    7.34733        3.298672E-09        3.093516E-01       -2.840589E-02        0.000000E+00       -0.000000E+00
    7.45538        3.298672E-09        2.826313E-01       -8.312542E-03        0.000000E+00        0.000000E+00
    7.56343        3.298672E-09        2.520951E-01        1.112691E-01        0.000000E+00       -0.000000E+00
    7.67148        3.298672E-09        1.818731E-01        5.834331E-02        0.000000E+00       -0.000000E+00
    7.77953        3.298672E-09        9.658455E-02       -1.035935E-01       -0.000000E+00       -0.000000E+00
    7.88758        3.298672E-09        4.788910E-02       -5.190033E-02        0.000000E+00       -0.000000E+00
    7.99562        3.298672E-09        1.717179E-02        7.999432E-02        0.000000E+00        0.000000E+00
    8.10367        3.298672E-09       -3.380622E-02       -1.075079E-02        0.000000E+00        0.000000E+00
    8.21172        3.298672E-09       -7.626139E-02       -5.728649E-03       -0.000000E+00        0.000000E+00
    8.31977        3.298672E-09       -1.113473E-01        4.254813E-03       -0.000000E+00       -0.000000E+00
    8.42782        3.298672E-09       -1.415286E-01        7.450210E-02       -0.000000E+00        0.000000E+00
    8.53587        3.298672E-09       -1.852362E-01        2.198512E-02       -0.000000E+00        0.000000E+00
    0.10805        3.298672E-09       -1.000000E+00        4.360140E-03        0.000000E+00       -0.000000E+00
    0.21610        3.298672E-09       -9.755471E-01       -5.225996E-02        0.000000E+00        0.000000E+00
    0.32415        3.298672E-09       -9.148401E-01       -2.518040E-02       -0.000000E+00       -0.000000E+00
    0.43220        3.298672E-09       -8.270488E-01       -5.927230E-02       -0.000000E+00       -0.000000E+00
    0.54024        3.298672E-09       -7.070350E-01       -3.525467E-02        0.000000E+00        0.000000E+00
    0.64829        3.298672E-09       -5.643792E-01       -7.821435E-03       -0.000000E+00       -0.000000E+00
    0.75634        3.298672E-09       -4.098420E-01       -7.963520E-03        0.000000E+00       -0.000000E+00
    0.86439        3.298672E-09       -2.474998E-01       -3.409341E-02       -0.000000E+00        0.000000E+00
    0.97244        3.298672E-09       -7.473711E-02       -3.195119E-02       -0.000000E+00        0.000000E+00
    1.08049        3.298672E-09        1.038184E-01       -4.089923E-02        0.000000E+00        0.000000E+00
    1.18854        3.298672E-09        2.868864E-01       -2.907181E-02        0.000000E+00        0.000000E+00
    1.29659        3.298672E-09        4.675484E-01        8.487107E-02       -0.000000E+00        0.000000E+00
    1.40464        3.298672E-09        6.008783E-01        8.935154E-03        0.000000E+00        0.000000E+00
    1.51269        3.298672E-09        7.019141E-01       -3.713506E-02        0.000000E+00        0.000000E+00
    1.62073        3.298672E-09        7.804235E-01       -3.875381E-03       -0.000000E+00       -0.000000E+00
    1.72878        3.298672E-09        8.049268E-01        1.770283E-02        0.000000E+00        0.000000E+00
    1.83683        3.298672E-09        7.564847E-01       -8.384969E-02       -0.000000E+00       -0.000000E+00
    1.94488        3.298672E-09        7.277598E-01       -5.035561E-02       -0.000000E+00        0.000000E+00
    2.05293        3.298672E-09        6.931327E-01        3.744759E-02        0.000000E+00       -0.000000E+00
    2.16098        3.298672E-09        6.122829E-01       -4.522394E-02       -0.000000E+00        0.000000E+00
    2.26903        3.298672E-09        5.443637E-01        2.801132E-02        0.000000E+00       -0.000000E+00
    2.37708        3.298672E-09        4.567985E-01        9.293856E-02        0.000000E+00        0.000000E+00
    2.48513        3.298672E-09        3.348092E-01        9.647433E-03       -0.000000E+00        0.000000E+00
    2.59318        3.298672E-09        2.192184E-01       -2.028073E-02       -0.000000E+00        0.000000E+00
    2.70122        3.298672E-09        1.192386E-01        5.670300E-02        0.000000E+00        0.000000E+00
    2.80927        3.298672E-09        1.094386E-02        6.619868E-02        0.000000E+00       -0.000000E+00
    2.91732        3.298672E-09       -1.045506E-01       -6.850223E-02        0.000000E+00        0.000000E+00
    3.02537        3.298672E-09       -1.872619E-01        4.505188E-02        0.000000E+00        0.000000E+00
    3.13342        3.298672E-09       -2.696751E-01       -1.639906E-02       -0.000000E+00        0.000000E+00
    3.24147        3.298672E-09       -3.339070E-01        9.071635E-02       -0.000000E+00        0.000000E+00
    3.34952        3.298672E-09       -4.076151E-01       -3.589758E-02        0.000000E+00       -0.000000E+00
    3.45757        3.298672E-09       -4.561150E-01       -3.774173E-03        0.000000E+00       -0.000000E+00
    3.56562        3.298672E-09       -4.882813E-01        8.590853E-02       -0.000000E+00        0.000000E+00
    3.67367        3.298672E-09       -5.268030E-01        3.577734E-03       -0.000000E+00       -0.000000E+00
    3.78171        3.298672E-09       -5.498378E-01        6.610282E-02        0.000000E+00       -0.000000E+00
    3.88976        3.298672E-09       -5.732224E-01        3.603862E-02        0.000000E+00        0.000000E+00
    3.99781        3.298672E-09       -5.889202E-01        5.858537E-02       -0.000000E+00       -0.000000E+00
    4.10586        3.298672E-09       -6.025096E-01       -3.401742E-03       -0.000000E+00       -0.000000E+00
    4.21391        3.298672E-09       -5.985396E-01       -4.001422E-02       -0.000000E+00        0.000000E+00
    4.32196        3.298672E-09       -5.690254E-01        7.658653E-02       -0.000000E+00        0.000000E+00
    4.43001        3.298672E-09       -5.446256E-01        1.166974E-02        0.000000E+00       -0.000000E+00
    4.53806        3.298672E-09       -5.097250E-01        6.831741E-02        0.000000E+00        0.000000E+00
    4.64611        3.298672E-09       -4.797942E-01       -4.649024E-02       -0.000000E+00        0.000000E+00
    4.75416        3.298672E-09       -4.267707E-01        4.317118E-02        0.000000E+00       -0.000000E+00
    4.86220        3.298672E-09       -3.755541E-01       -8.356401E-02       -0.000000E+00       -0.000000E+00
    4.97025        3.298672E-09       -2.953045E-01       -2.894961E-02        0.000000E+00        0.000000E+00
    5.07830        3.298672E-09       -2.031076E-01        3.452902E-02       -0.000000E+00       -0.000000E+00
    5.18635        3.298672E-09       -1.185166E-01       -1.161904E-01        0.000000E+00        0.000000E+00
    5.29440        3.298672E-09       -3.346696E-03        4.528735E-02       -0.000000E+00        0.000000E+00
    5.40245        3.298672E-09        9.426416E-02       -8.707217E-02        0.000000E+00        0.000000E+00
    5.51050        3.298672E-09        2.093234E-01        7.784149E-02        0.000000E+00        0.000000E+00
    5.61855        3.298672E-09        2.887231E-01        5.472428E-02       -0.000000E+00       -0.000000E+00
    5.72660        3.298672E-09        3.359945E-01        7.639103E-02        0.000000E+00        0.000000E+00
    5.83465        3.298672E-09        3.425870E-01        1.471461E-01        0.000000E+00        0.000000E+00
    5.94269        3.298672E-09        2.878407E-01        9.198967E-02        0.000000E+00        0.000000E+00
    6.05074        3.298672E-09        2.010472E-01        7.504225E-02        0.000000E+00       -0.000000E+00
    6.15879        3.298672E-09        9.604990E-02       -8.791614E-03        0.000000E+00       -0.000000E+00
    6.26684        3.298672E-09        3.046629E-03       -5.444490E-02        0.000000E+00        0.000000E+00
    6.37489        3.298672E-09       -6.523097E-02        2.957076E-02        0.000000E+00       -0.000000E+00
    6.48294        3.298672E-09       -1.335177E-01        1.006844E-01       -0.000000E+00       -0.000000E+00
    6.59099        3.298672E-09       -2.191890E-01        1.077289E-02        0.000000E+00        0.000000E+00
    6.69904        3.298672E-09       -2.945146E-01        4.995749E-02        0.000000E+00       -0.000000E+00
    6.80709        3.298672E-09       -3.689192E-01       -1.391421E-02       -0.000000E+00       -0.000000E+00
    6.91514        3.298672E-09       -4.244285E-01        7.705085E-02       -0.000000E+00        0.000000E+00
    7.02318        3.298672E-09       -4.842089E-01        2.971713E-02        0.000000E+00        0.000000E+00
    7.13123        3.298672E-09       -5.346115E-01        1.085376E-01       -0.000000E+00       -0.000000E+00
    7.23928        3.298672E-09       -5.945995E-01        4.291811E-02       -0.000000E+00        0.000000E+00
    7.34733        3.298672E-09       -6.458674E-01       -8.622602E-02       -0.000000E+00        0.000000E+00
    7.45538        3.298672E-09       -6.562185E-01       -4.601175E-02       -0.000000E+00        0.000000E+00
    7.56343        3.298672E-09       -6.375146E-01       -5.752124E-02       -0.000000E+00       -0.000000E+00
    7.67148        3.298672E-09       -5.887873E-01       -6.983788E-02       -0.000000E+00       -0.000000E+00
    7.77953        3.298672E-09       -5.094444E-01        1.863234E-03       -0.000000E+00        0.000000E+00
    7.88758        3.298672E-09       -4.203206E-01       -4.466341E-02        0.000000E+00        0.000000E+00
    7.99562        3.298672E-09       -3.123626E-01        5.260040E-02        0.000000E+00       -0.000000E+00
    8.10367        3.298672E-09       -2.138326E-01        2.064359E-02       -0.000000E+00        0.000000E+00
    8.21172        3.298672E-09       -1.191091E-01        1.071742E-01        0.000000E+00       -0.000000E+00
    8.31977        3.298672E-09       -5.427123E-02       -2.811241E-02       -0.000000E+00       -0.000000E+00
    8.42782        3.298672E-09        1.632059E-02       -9.505417E-02        0.000000E+00        0.000000E+00
    8.53587        3.298672E-09        1.092102E-01       -9.833004E-02       -0.000000E+00       -0.000000E+00
    0.10805        3.298672E-09       -1.000000E+00       -1.991928E-02       -0.000000E+00        0.000000E+00
    0.21610        3.298672E-09       -9.698263E-01       -6.749713E-03        0.000000E+00       -0.000000E+00
    0.32415        3.298672E-09       -9.144998E-01       -6.185741E-02       -0.000000E+00        0.000000E+00
    0.43220        3.298672E-09       -8.232042E-01        4.389775E-02       -0.000000E+00       -0.000000E+00
    0.54024        3.298672E-09       -7.245772E-01        2.499043E-02        0.000000E+00       -0.000000E+00
    0.64829        3.298672E-09       -6.168520E-01        8.537847E-02       -0.000000E+00       -0.000000E+00
    0.75634        3.298672E-09       -5.179035E-01        5.637636E-02        0.000000E+00       -0.000000E+00
    0.86439        3.298672E-09       -4.231199E-01        1.696148E-02       -0.000000E+00        0.000000E+00
    0.97244        3.298672E-09       -3.251472E-01       -1.200830E-02        0.000000E+00       -0.000000E+00
    1.08049        3.298672E-09       -2.193614E-01       -1.084365E-02       -0.000000E+00        0.000000E+00
    1.18854        3.298672E-09       -1.091383E-01       -7.561367E-02       -0.000000E+00       -0.000000E+00
    1.29659        3.298672E-09        1.984300E-02       -9.286902E-03        0.000000E+00       -0.000000E+00
    1.40464        3.298672E-09        1.456970E-01       -1.012287E-01       -0.000000E+00        0.000000E+00
    1.51269        3.298672E-09        2.918317E-01       -2.818618E-02       -0.000000E+00        0.000000E+00
    1.62073        3.298672E-09        4.328972E-01        1.902959E-02        0.000000E+00       -0.000000E+00
    1.72878        3.298672E-09        5.476939E-01       -1.096865E-01       -0.000000E+00        0.000000E+00
    1.83683        3.298672E-09        6.791201E-01       -9.002239E-03       -0.000000E+00        0.000000E+00
    1.94488        3.298672E-09        7.807708E-01       -1.144428E-01       -0.000000E+00       -0.000000E+00
    2.05293        3.298672E-09        9.005866E-01       -4.669155E-02       -0.000000E+00       -0.000000E+00
    2.16098        3.298672E-09        9.904658E-01        9.195654E-02        0.000000E+00        0.000000E+00
    2.26903        3.298672E-09        6.042372E-01       -6.476237E-02       -0.000000E+00        0.000000E+00
    2.37708        3.298672E-09        4.551406E-01       -1.196102E-01        0.000000E+00        0.000000E+00
    2.48513        3.298672E-09        3.672978E-01        7.059648E-02        0.000000E+00       -0.000000E+00
    2.59318        3.298672E-09        2.569820E-01        4.305100E-02       -0.000000E+00       -0.000000E+00
    2.70122        3.298672E-09        1.410337E-01       -3.050241E-02        0.000000E+00       -0.000000E+00
    2.80927        3.298672E-09        4.459879E-02       -1.825518E-02       -0.000000E+00        0.000000E+00
    2.91732        3.298672E-09       -3.750894E-02        1.340101E-02        0.000000E+00       -0.000000E+00
    3.02537        3.298672E-09       -1.143167E-01       -4.031639E-02        0.000000E+00        0.000000E+00
    3.13342        3.298672E-09       -1.701794E-01       -4.718261E-02       -0.000000E+00        0.000000E+00
    3.24147        3.298672E-09       -2.041819E-01       -7.448540E-02       -0.000000E+00        0.000000E+00
    3.34952        3.298672E-09       -2.102324E-01        4.444892E-02        0.000000E+00       -0.000000E+00
    3.45757        3.298672E-09       -2.215324E-01       -5.223239E-02       -0.000000E+00        0.000000E+00
    3.56562        3.298672E-09       -2.120185E-01        1.004777E-01       -0.000000E+00       -0.000000E+00
    3.67367        3.298672E-09       -2.234375E-01       -4.577333E-02        0.000000E+00       -0.000000E+00
    3.78171        3.298672E-09       -2.156854E-01        3.547354E-02       -0.000000E+00       -0.000000E+00
    3.88976        3.298672E-09       -2.115490E-01       -1.775340E-03       -0.000000E+00        0.000000E+00
    3.99781        3.298672E-09       -2.011235E-01        2.772702E-03       -0.000000E+00       -0.000000E+00
    4.10586        3.298672E-09       -1.862820E-01        2.107269E-02        0.000000E+00        0.000000E+00
    4.21391        3.298672E-09       -1.725485E-01        5.070451E-02       -0.000000E+00        0.000000E+00
    4.32196        3.298672E-09       -1.681288E-01        5.198221E-02       -0.000000E+00        0.000000E+00
    4.43001        3.298672E-09       -1.729145E-01        1.386835E-01        0.000000E+00       -0.000000E+00
    4.53806        3.298672E-09       -2.091734E-01       -1.551852E-02        0.000000E+00        0.000000E+00
    4.64611        3.298672E-09       -2.327261E-01        4.736115E-02        0.000000E+00        0.000000E+00
    4.75416        3.298672E-09       -2.604240E-01       -5.384126E-02        0.000000E+00       -0.000000E+00
    4.86220        3.298672E-09       -2.648595E-01       -2.237569E-02       -0.000000E+00        0.000000E+00
    4.97025        3.298672E-09       -2.556946E-01        5.147789E-02       -0.000000E+00       -0.000000E+00
    5.07830        3.298672E-09       -2.532353E-01       -1.136946E-01       -0.000000E+00       -0.000000E+00
    5.18635        3.298672E-09       -2.141023E-01        8.436655E-03        0.000000E+00       -0.000000E+00
    5.29440        3.298672E-09       -1.732693E-01       -1.339144E-02        0.000000E+00        0.000000E+00
    5.40245        3.298672E-09       -1.262062E-01       -7.924751E-03        0.000000E+00        0.000000E+00
    5.51050        3.298672E-09       -7.601378E-02        3.265791E-02        0.000000E+00        0.000000E+00
    5.61855        3.298672E-09       -3.538286E-02       -4.477025E-02       -0.000000E+00       -0.000000E+00
    5.72660        3.298672E-09        1.619561E-02        1.132276E-02        0.000000E+00       -0.000000E+00
    5.83465        3.298672E-09        6.098705E-02       -1.020939E-01        0.000000E+00        0.000000E+00
    5.94269        3.298672E-09        1.302175E-01        1.059334E-02        0.000000E+00       -0.000000E+00
    6.05074        3.298672E-09        1.881116E-01       -3.275133E-02        0.000000E+00       -0.000000E+00
    6.15879        3.298672E-09        2.460140E-01       -7.516153E-02       -0.000000E+00       -0.000000E+00
    6.26684        3.298672E-09        3.151683E-01        8.399874E-02        0.000000E+00       -0.000000E+00
    6.37489        3.298672E-09        3.415243E-01        5.633365E-03        0.000000E+00        0.000000E+00
    6.48294        3.298672E-09        3.516320E-01       -4.631815E-02        0.000000E+00       -0.000000E+00
    6.59099        3.298672E-09        3.637398E-01        9.294687E-03        0.000000E+00        0.000000E+00
    6.69904        3.298672E-09        3.585549E-01        2.884137E-03       -0.000000E+00        0.000000E+00
    6.80709        3.298672E-09        3.403110E-01       -1.978834E-02        0.000000E+00       -0.000000E+00
    6.91514        3.298672E-09        3.188732E-01        5.498065E-02       -0.000000E+00       -0.000000E+00
    7.02318        3.298672E-09        2.710638E-01       -1.160652E-01        0.000000E+00        0.000000E+00
    7.13123        3.298672E-09        2.567048E-01        6.621393E-02        0.000000E+00       -0.000000E+00
    7.23928        3.298672E-09        2.146160E-01        5.940292E-02        0.000000E+00       -0.000000E+00
    7.34733        3.298672E-09        1.520903E-01       -1.078375E-02       -0.000000E+00        0.000000E+00
    7.45538        3.298672E-09        9.494376E-02       -4.133037E-02        0.000000E+00       -0.000000E+00
    7.56343        3.298672E-09        5.273061E-02       -2.923117E-02       -0.000000E+00       -0.000000E+00
    7.67148        3.298672E-09        2.124413E-02        7.741563E-02        0.000000E+00       -0.000000E+00
    7.77953        3.298672E-09       -2.984956E-02       -1.290008E-02        0.000000E+00        0.000000E+00
    7.88758        3.298672E-09       -7.190933E-02        5.957112E-02       -0.000000E+00        0.000000E+00
    7.99562        3.298672E-09       -1.245793E-01        4.168507E-02       -0.000000E+00        0.000000E+00
    8.10367        3.298672E-09       -1.805201E-01       -9.533005E-03        0.000000E+00       -0.000000E+00
    8.21172        3.298672E-09       -2.243642E-01        9.490011E-02       -0.000000E+00        0.000000E+00
    8.31977        3.298672E-09       -2.835066E-01       -1.451819E-02        0.000000E+00       -0.000000E+00
    8.42782        3.298672E-09       -3.266655E-01        1.169877E-01        0.000000E+00       -0.000000E+00
    8.53587        3.298672E-09       -3.878554E-01       -4.633929E-02        0.000000E+00       -0.000000E+00
    0.10805        3.298672E-09       -1.000000E+00       -7.840206E-02       -0.000000E+00       -0.000000E+00
    0.21610        3.298672E-09       -9.560464E-01       -1.355855E-02        0.000000E+00        0.000000E+00
    0.32415        3.298672E-09       -8.861763E-01        7.779484E-03        0.000000E+00        0.000000E+00
    0.43220        3.298672E-09       -7.980658E-01       -4.955707E-02       -0.000000E+00        0.000000E+00
    0.54024        3.298672E-09       -6.807553E-01       -6.876488E-02        0.000000E+00       -0.000000E+00
    0.64829        3.298672E-09       -5.332262E-01       -4.201991E-02        0.000000E+00        0.000000E+00
    0.75634        3.298672E-09       -3.662206E-01        1.176486E-01        0.000000E+00       -0.000000E+00
    0.86439        3.298672E-09       -2.246429E-01        8.830553E-02        0.000000E+00       -0.000000E+00
    0.97244        3.298672E-09       -1.051393E-01       -6.249284E-02       -0.000000E+00       -0.000000E+00
    1.08049        3.298672E-09        2.931461E-02       -6.424698E-02       -0.000000E+00       -0.000000E+00
    1.18854        3.298672E-09        1.758739E-01       -2.385527E-02       -0.000000E+00        0.000000E+00
    1.29659        3.298672E-09        3.192363E-01        4.114922E-03        0.000000E+00        0.000000E+00
    1.40464        3.298672E-09        4.461140E-01       -2.020034E-04        0.000000E+00        0.000000E+00
    1.51269        3.298672E-09        5.520217E-01       -3.972733E-02        0.000000E+00        0.000000E+00
    1.62073        3.298672E-09        6.458084E-01       -7.350714E-02        0.000000E+00       -0.000000E+00
    1.72878        3.298672E-09        7.371098E-01        1.343729E-02        0.000000E+00        0.000000E+00
    1.83683        3.298672E-09        7.736599E-01       -1.304478E-01        0.000000E+00       -0.000000E+00
    1.94488        3.298672E-09        8.342528E-01        1.464749E-02        0.000000E+00       -0.000000E+00
    2.05293        3.298672E-09        8.118797E-01        5.575710E-02       -0.000000E+00       -0.000000E+00
    2.16098        3.298672E-09        7.020800E-01        7.358003E-02        0.000000E+00       -0.000000E+00
    2.26903        3.298672E-09        5.599864E-01        9.011763E-02        0.000000E+00       -0.000000E+00
    2.37708        3.298672E-09        3.990932E-01       -2.777010E-02        0.000000E+00        0.000000E+00
    2.48513        3.298672E-09        2.685777E-01       -1.460904E-02       -0.000000E+00       -0.000000E+00
    2.59318        3.298672E-09        1.546561E-01        1.183490E-01       -0.000000E+00       -0.000000E+00
    2.70122        3.298672E-09        1.552129E-02       -5.250711E-02       -0.000000E+00       -0.000000E+00
    2.80927        3.298672E-09       -9.303792E-02        4.714002E-02       -0.000000E+00        0.000000E+00
    2.91732        3.298672E-09       -2.011813E-01       -4.559682E-03        0.000000E+00        0.000000E+00
    3.02537        3.298672E-09       -2.930156E-01        8.126646E-02        0.000000E+00        0.000000E+00
    3.13342        3.298672E-09       -3.905866E-01       -5.909759E-03        0.000000E+00        0.000000E+00
    3.24147        3.298672E-09       -4.689377E-01       -2.623710E-02        0.000000E+00       -0.000000E+00
    3.34952        3.298672E-09       -5.229239E-01       -1.744637E-02        0.000000E+00        0.000000E+00
    3.45757        3.298672E-09       -5.553067E-01       -4.090588E-03       -0.000000E+00        0.000000E+00
    3.56562        3.298672E-09       -5.700122E-01        1.777877E-02        0.000000E+00       -0.000000E+00
    3.67367        3.298672E-09       -5.730946E-01       -1.380672E-02        0.000000E+00       -0.000000E+00
    3.78171        3.298672E-09       -5.573178E-01        1.229140E-02        0.000000E+00        0.000000E+00
    3.88976        3.298672E-09       -5.304589E-01        5.155201E-02       -0.000000E+00       -0.000000E+00
    3.99781        3.298672E-09       -5.034647E-01        4.188450E-02        0.000000E+00       -0.000000E+00
    4.10586        3.298672E-09       -4.746728E-01       -4.313349E-02       -0.000000E+00        0.000000E+00
    4.21391        3.298672E-09       -4.236960E-01       -6.313417E-02        0.000000E+00       -0.000000E+00
    4.32196        3.298672E-09       -3.477263E-01        7.707408E-02        0.000000E+00        0.000000E+00
    4.43001        3.298672E-09       -2.853975E-01       -1.878786E-02        0.000000E+00       -0.000000E+00
    4.53806        3.298672E-09       -2.133393E-01       -1.732130E-02       -0.000000E+00       -0.000000E+00
    4.64611        3.298672E-09       -1.342623E-01        1.416430E-02       -0.000000E+00       -0.000000E+00
    4.75416        3.298672E-09       -5.906760E-02        8.765603E-02       -0.000000E+00       -0.000000E+00
    4.86220        3.298672E-09       -1.011781E-02       -2.544976E-02        0.000000E+00       -0.000000E+00
    4.97025        3.298672E-09        4.328490E-02        8.202555E-02        0.000000E+00       -0.000000E+00
    5.07830        3.298672E-09        6.883057E-02       -5.932853E-02        0.000000E+00       -0.000000E+00
    5.18635        3.298672E-09        1.075174E-01       -5.764348E-02        0.000000E+00       -0.000000E+00
    5.29440        3.298672E-09        1.570100E-01        9.904872E-03       -0.000000E+00       -0.000000E+00
    5.40245        3.298672E-09        1.952315E-01        2.200884E-02        0.000000E+00       -0.000000E+00
    5.51050        3.298672E-09        2.176634E-01       -7.382750E-02       -0.000000E+00        0.000000E+00
    5.61855        3.298672E-09        2.538237E-01       -1.542363E-02       -0.000000E+00       -0.000000E+00
    5.72660        3.298672E-09        2.835181E-01       -1.141085E-02       -0.000000E+00        0.000000E+00
    5.83465        3.298672E-09        3.047626E-01       -7.928175E-03        0.000000E+00       -0.000000E+00
    5.94269        3.298672E-09        3.162227E-01        2.571563E-02       -0.000000E+00       -0.000000E+00
    6.05074        3.298672E-09        3.073426E-01        1.944024E-02       -0.000000E+00       -0.000000E+00
    6.15879        3.298672E-09        2.826528E-01       -5.418230E-03       -0.000000E+00       -0.000000E+00
    6.26684        3.298672E-09        2.529709E-01        4.885410E-03       -0.000000E+00        0.000000E+00
    6.37489        3.298672E-09        2.167057E-01       -9.485166E-02       -0.000000E+00       -0.000000E+00
    6.48294        3.298672E-09        2.064574E-01       -1.903682E-02        0.000000E+00       -0.000000E+00
    6.59099        3.298672E-09        1.963826E-01        8.313466E-02       -0.000000E+00       -0.000000E+00
    6.69904        3.298672E-09        1.557977E-01       -2.799532E-03        0.000000E+00       -0.000000E+00
    6.80709        3.298672E-09        1.153666E-01        5.909786E-02        0.000000E+00        0.000000E+00
    6.91514        3.298672E-09        5.814318E-02        2.466838E-02        0.000000E+00        0.000000E+00
    7.02318        3.298672E-09       -2.210982E-03        4.535250E-02        0.000000E+00       -0.000000E+00
    7.13123        3.298672E-09       -6.947878E-02        4.221843E-02       -0.000000E+00       -0.000000E+00
    7.23928        3.298672E-09       -1.402106E-01       -5.187508E-02       -0.000000E+00        0.000000E+00
    7.34733        3.298672E-09       -1.870213E-01        4.659391E-02        0.000000E+00        0.000000E+00
    7.45538        3.298672E-09       -2.372280E-01       -3.660243E-02        0.000000E+00       -0.000000E+00
    7.56343        3.298672E-09       -2.674419E-01        3.283429E-02        0.000000E+00       -0.000000E+00
    7.67148        3.298672E-09       -2.965760E-01       -2.719699E-02       -0.000000E+00       -0.000000E+00
    7.77953        3.298672E-09       -3.084344E-01        4.723886E-02        0.000000E+00        0.000000E+00
    7.88758        3.298672E-09       -3.230754E-01       -3.577018E-02        0.000000E+00        0.000000E+00
    7.99562        3.298672E-09       -3.185942E-01        2.976581E-02        0.000000E+00        0.000000E+00
    8.10367        3.298672E-09       -3.131227E-01        9.449107E-03        0.000000E+00        0.000000E+00
    8.21172        3.298672E-09       -3.016420E-01       -3.099014E-02       -0.000000E+00        0.000000E+00
    8.31977        3.298672E-09       -2.743768E-01        4.401459E-02       -0.000000E+00        0.000000E+00
    8.42782        3.298672E-09       -2.523355E-01       -1.124903E-02        0.000000E+00       -0.000000E+00
    8.53587        3.298672E-09       -2.214875E-01       -1.143102E-01        0.000000E+00       -0.000000E+00
