BEHD @ YYE. Sim. done on 2023-10-28   12h45
### Sim. w/ κ =    0.600 ; and ∆_0 =  2.00; T =    2.98E+05
 ## r =  1.00E-06 ; rhosty =  1.05E+03 ; rhosol =  1.00E+03
 ## k =  2.00 ; ∆_eq =  2.00 ; num_particle =      10
  Time        Position ∆        γ_z        Veloctiy ∆        Fz total        electro î        spurious        Noise z
 
 
    0.10805     2.0000E+00     3.5355E-01     0.0000E+00    -1.0000E+00     0.0000E+00     2.2329-314    -2.6909E-02
    0.21610     1.9838E+00     3.5789E-01    -1.4998E-01    -9.6759E-01     0.0000E+00     2.2329-314    -4.2648E-02
    0.32415     1.9505E+00     3.6709E-01    -3.0801E-01    -9.0103E-01     0.0000E+00     2.2329-314     3.0994E-02
    0.43220     1.9105E+00     3.7870E-01    -3.7068E-01    -8.2092E-01     0.0000E+00     2.2329-314     3.0291E-02
    0.54024     1.8648E+00     3.9269E-01    -4.2267E-01    -7.2959E-01     0.0000E+00     2.2329-314    -7.7199E-02
    0.64829     1.8016E+00     4.1355E-01    -5.8526E-01    -6.0311E-01     0.0000E+00     2.2329-314     1.6464E-03
    0.75634     1.7325E+00     4.3851E-01    -6.3873E-01    -4.6508E-01     0.0000E+00     2.2329-314     6.9927E-02
    0.86439     1.6684E+00     4.6402E-01    -5.9325E-01    -3.3688E-01     0.0000E+00     2.2329-314     1.1608E-02
    0.97244     1.6034E+00     4.9255E-01    -6.0223E-01    -2.0674E-01     0.0000E+00     2.2329-314     9.0877E-02
    1.08049     1.5501E+00     5.1817E-01    -4.9325E-01    -1.0015E-01     0.0000E+00     2.2329-314     6.1578E-02
    1.18854     1.5063E+00     5.4094E-01    -4.0553E-01    -1.2515E-02     0.0000E+00     2.2329-314     3.1342E-02
    1.29659     1.4690E+00     5.6166E-01    -3.4494E-01     6.2026E-02     0.0000E+00     2.2329-314    -7.3383E-02
    1.40464     1.4235E+00     5.8877E-01    -4.2058E-01     1.5291E-01     0.0000E+00     2.2329-314     2.3613E-02
    1.51269     1.3868E+00     6.1235E-01    -3.4049E-01     2.2649E-01     0.0000E+00     2.2329-314     2.9545E-02
    1.62073     1.3612E+00     6.2968E-01    -2.3660E-01     2.7762E-01     0.0000E+00     2.2329-314    -1.8844E-02
    1.72878     1.3394E+00     6.4511E-01    -2.0167E-01     3.2120E-01     0.0000E+00     2.2329-314    -1.6957E-03
    1.83683     1.3253E+00     6.5544E-01    -1.3059E-01     3.4942E-01     0.0000E+00     2.2329-314    -2.3685E-02
    1.94488     1.3150E+00     6.6314E-01    -9.5117E-02     3.6998E-01     0.0000E+00     2.2329-314    -7.4186E-02
    2.05293     1.2991E+00     6.7533E-01    -1.4693E-01     4.0173E-01     0.0000E+00     2.2329-314    -6.8672E-02
    2.16098     1.2797E+00     6.9077E-01    -1.7981E-01     4.4059E-01     0.0000E+00     2.2329-314     1.8736E-02
    2.26903     1.2756E+00     6.9408E-01    -3.7636E-02     4.4872E-01     0.0000E+00     2.2329-314     1.5250E-02
    2.37708     1.2851E+00     6.8646E-01     8.7200E-02     4.2988E-01     0.0000E+00     2.2329-314    -1.2562E-01
    2.48513     1.2767E+00     6.9325E-01    -7.7833E-02     4.4669E-01     0.0000E+00     2.2329-314     1.0743E-02
    2.59318     1.2812E+00     6.8954E-01     4.2398E-02     4.3753E-01     0.0000E+00     2.2329-314    -5.2015E-02
    2.70122     1.2839E+00     6.8742E-01     2.4363E-02     4.3227E-01     0.0000E+00     2.2329-314     4.6590E-02
    2.80927     1.3048E+00     6.7092E-01     1.9397E-01     3.9035E-01     0.0000E+00     2.2329-314    -4.7769E-02
    2.91732     1.3210E+00     6.5865E-01     1.4950E-01     3.5805E-01     0.0000E+00     2.2329-314    -1.8280E-02
    3.02537     1.3383E+00     6.4587E-01     1.6074E-01     3.2331E-01     0.0000E+00     2.2329-314    -3.1882E-02
    3.13342     1.3536E+00     6.3498E-01     1.4128E-01     2.9278E-01     0.0000E+00     2.2329-314     1.4943E-02
    3.24147     1.3749E+00     6.2027E-01     1.9732E-01     2.5014E-01     0.0000E+00     2.2329-314     2.7262E-02
    3.34952     1.4026E+00     6.0201E-01     2.5604E-01     1.9481E-01     0.0000E+00     2.2329-314    -9.8932E-02
    3.45757     1.4138E+00     5.9489E-01     1.0329E-01     1.7249E-01     0.0000E+00     2.2329-314    -1.3036E-01
    3.56562     1.4054E+00     6.0018E-01    -7.6893E-02     1.8911E-01     0.0000E+00     2.2329-314    -1.5336E-02
    3.67367     1.3986E+00     6.0459E-01    -6.3368E-02     2.0280E-01     0.0000E+00     2.2329-314     7.1720E-02
    3.78171     1.4078E+00     5.9869E-01     8.4880E-02     1.8446E-01     0.0000E+00     2.2329-314     5.8412E-02
    3.88976     1.4287E+00     5.8561E-01     1.9332E-01     1.4268E-01     0.0000E+00     2.2329-314    -6.9470E-03
    3.99781     1.4484E+00     5.7366E-01     1.8300E-01     1.0314E-01     0.0000E+00     2.2329-314     6.2591E-02
    4.10586     1.4775E+00     5.5681E-01     2.6911E-01     4.4984E-02     0.0000E+00     2.2329-314    -3.6269E-02
    4.21391     1.4986E+00     5.4507E-01     1.9562E-01     2.7120E-03     0.0000E+00     2.2329-314    -3.4722E-02
    4.32196     1.5126E+00     5.3756E-01     1.2881E-01    -2.5124E-02     0.0000E+00     2.2329-314    -5.2589E-02
    4.43001     1.5171E+00     5.3518E-01     4.1621E-02    -3.4118E-02     0.0000E+00     2.2329-314    -2.4953E-03
    4.53806     1.5202E+00     5.3351E-01     2.9228E-02    -4.0434E-02     0.0000E+00     2.2329-314     6.3518E-02
    4.64611     1.5317E+00     5.2753E-01     1.0616E-01    -6.3376E-02     0.0000E+00     2.2329-314     2.8625E-03
    4.75416     1.5416E+00     5.2247E-01     9.1376E-02    -8.3122E-02     0.0000E+00     2.2329-314     4.0991E-02
    4.86220     1.5552E+00     5.1562E-01     1.2594E-01    -1.1034E-01     0.0000E+00     2.2329-314    -2.3775E-02
    4.97025     1.5625E+00     5.1198E-01     6.8238E-02    -1.2508E-01     0.0000E+00     2.2329-314    -6.7633E-02
    5.07830     1.5578E+00     5.1431E-01    -4.3704E-02    -1.1564E-01     0.0000E+00     2.2329-314     1.3226E-01
    5.18635     1.5704E+00     5.0816E-01     1.1610E-01    -1.4073E-01     0.0000E+00     2.2329-314    -7.4934E-02
    5.29440     1.5692E+00     5.0873E-01    -1.0832E-02    -1.3839E-01     0.0000E+00     2.2329-314     9.7932E-02
    5.40245     1.5797E+00     5.0365E-01     9.7535E-02    -1.5946E-01     0.0000E+00     2.2329-314     1.3384E-01
    5.51050     1.6057E+00     4.9147E-01     2.4051E-01    -2.1144E-01     0.0000E+00     2.2329-314    -5.8234E-02
    5.61855     1.6184E+00     4.8569E-01     1.1763E-01    -2.3686E-01     0.0000E+00     2.2329-314     3.0847E-02
    5.72660     1.6309E+00     4.8013E-01     1.1537E-01    -2.6179E-01     0.0000E+00     2.2329-314     4.4657E-02
    5.83465     1.6447E+00     4.7412E-01     1.2738E-01    -2.8931E-01     0.0000E+00     2.2329-314     1.1824E-02
    5.94269     1.6548E+00     4.6976E-01     9.3930E-02    -3.0961E-01     0.0000E+00     2.2329-314     2.3415E-02
    6.05074     1.6629E+00     4.6634E-01     7.4836E-02    -3.2578E-01     0.0000E+00     2.2329-314     3.0817E-02
    6.15879     1.6698E+00     4.6344E-01     6.4183E-02    -3.3965E-01     0.0000E+00     2.2329-314     9.3215E-02
    6.26684     1.6838E+00     4.5769E-01     1.2923E-01    -3.6758E-01     0.0000E+00     2.2329-314    -7.8220E-02
    6.37489     1.6812E+00     4.5873E-01    -2.3679E-02    -3.6246E-01     0.0000E+00     2.2329-314     1.9941E-02
    6.48294     1.6762E+00     4.6078E-01    -4.6110E-02    -3.5250E-01     0.0000E+00     2.2329-314    -5.1558E-02
    6.59099     1.6596E+00     4.6771E-01    -1.5364E-01    -3.1930E-01     0.0000E+00     2.2329-314     3.0105E-02
    6.69904     1.6433E+00     4.7468E-01    -1.5085E-01    -2.8670E-01     0.0000E+00     2.2329-314    -1.2572E-03
    6.80709     1.6236E+00     4.8337E-01    -1.8279E-01    -2.4720E-01     0.0000E+00     2.2329-314     6.9578E-02
    6.91514     1.6108E+00     4.8916E-01    -1.1878E-01    -2.2153E-01     0.0000E+00     2.2329-314    -4.6059E-03
    7.02318     1.5948E+00     4.9655E-01    -1.4818E-01    -1.8951E-01     0.0000E+00     2.2329-314     1.6912E-02
    7.13123     1.5792E+00     5.0391E-01    -1.4419E-01    -1.5835E-01     0.0000E+00     2.2329-314    -1.1310E-02
    7.23928     1.5605E+00     5.1297E-01    -1.7247E-01    -1.2108E-01     0.0000E+00     2.2329-314     1.9422E-02
    7.34733     1.5439E+00     5.2128E-01    -1.5395E-01    -8.7811E-02     0.0000E+00     2.2329-314     4.6486E-03
    7.45538     1.5276E+00     5.2965E-01    -1.5095E-01    -5.5192E-02     0.0000E+00     2.2329-314    -1.6793E-02
    7.56343     1.5090E+00     5.3947E-01    -1.7206E-01    -1.8009E-02     0.0000E+00     2.2329-314     8.2784E-03
    7.67148     1.4925E+00     5.4843E-01    -1.5258E-01     1.4962E-02     0.0000E+00     2.2329-314    -4.0910E-02
    7.77953     1.4712E+00     5.6037E-01    -1.9694E-01     5.7521E-02     0.0000E+00     2.2329-314    -1.3628E-02
    7.88758     1.4502E+00     5.7260E-01    -1.9465E-01     9.9584E-02     0.0000E+00     2.2329-314     2.6534E-02
    7.99562     1.4364E+00     5.8089E-01    -1.2791E-01     1.2722E-01     0.0000E+00     2.2329-314    -2.5635E-02
    8.10367     1.4217E+00     5.8992E-01    -1.3611E-01     1.5664E-01     0.0000E+00     2.2329-314     4.0593E-02
    8.21172     1.4173E+00     5.9266E-01    -4.0514E-02     1.6539E-01     0.0000E+00     2.2329-314    -5.6697E-02
    8.31977     1.4069E+00     5.9922E-01    -9.5981E-02     1.8613E-01     0.0000E+00     2.2329-314    -6.9505E-02
    8.42782     1.3893E+00     6.1070E-01    -1.6361E-01     2.2149E-01     0.0000E+00     2.2329-314     5.7621E-02
    8.53587     1.3866E+00     6.1246E-01    -2.4685E-02     2.2682E-01     0.0000E+00     2.2329-314    -3.2903E-02
 
 
    0.10805     2.0000E+00     3.5355E-01     0.0000E+00    -1.0000E+00     0.0000E+00     2.2329-314     2.9851E-02
    0.21610     1.9906E+00     3.5606E-01    -8.6956E-02    -9.8121E-01     0.0000E+00     2.2329-314     7.2820E-02
    0.32415     1.9776E+00     3.5958E-01    -1.2042E-01    -9.5519E-01     0.0000E+00     2.2329-314    -9.1907E-02
    0.43220     1.9416E+00     3.6963E-01    -3.3322E-01    -8.8318E-01     0.0000E+00     2.2329-314     3.4585E-02
    0.54024     1.8996E+00     3.8196E-01    -3.8893E-01    -7.9913E-01     0.0000E+00     2.2329-314    -2.2459E-02
    0.64829     1.8458E+00     3.9877E-01    -4.9764E-01    -6.9159E-01     0.0000E+00     2.2329-314    -6.9162E-02
    0.75634     1.7761E+00     4.2247E-01    -6.4501E-01    -5.5221E-01     0.0000E+00     2.2329-314     8.4848E-02
    0.86439     1.7120E+00     4.4643E-01    -5.9350E-01    -4.2395E-01     0.0000E+00     2.2329-314    -7.8771E-02
    0.97244     1.6339E+00     4.7880E-01    -7.2246E-01    -2.6783E-01     0.0000E+00     2.2329-314     2.4996E-02
    1.08049     1.5577E+00     5.1437E-01    -7.0540E-01    -1.1540E-01     0.0000E+00     2.2329-314     5.4783E-02
    1.18854     1.4897E+00     5.4998E-01    -6.2915E-01     2.0562E-02     0.0000E+00     2.2329-314     1.3964E-02
    1.29659     1.4263E+00     5.8704E-01    -5.8667E-01     1.4734E-01     0.0000E+00     2.2329-314     1.0659E-01
    1.40464     1.3846E+00     6.1379E-01    -3.8628E-01     2.3081E-01     0.0000E+00     2.2329-314    -7.8880E-02
    1.51269     1.3360E+00     6.4761E-01    -4.5018E-01     3.2810E-01     0.0000E+00     2.2329-314     3.3585E-02
    1.62073     1.3021E+00     6.7306E-01    -3.1372E-01     3.9589E-01     0.0000E+00     2.2329-314     4.3843E-02
    1.72878     1.2873E+00     6.8468E-01    -1.3668E-01     4.2543E-01     0.0000E+00     2.2329-314     7.4654E-02
    1.83683     1.2982E+00     6.7604E-01     1.0124E-01     4.0355E-01     0.0000E+00     2.2329-314     6.6366E-02
    1.94488     1.3289E+00     6.5277E-01     2.8387E-01     3.4220E-01     0.0000E+00     2.2329-314    -6.5867E-03
    2.05293     1.3599E+00     6.3060E-01     2.8670E-01     2.8025E-01     0.0000E+00     2.2329-314     4.1381E-02
    2.16098     1.3986E+00     6.0459E-01     3.5839E-01     2.0280E-01     0.0000E+00     2.2329-314    -9.6058E-03
    2.26903     1.4338E+00     5.8249E-01     3.2537E-01     1.3249E-01     0.0000E+00     2.2329-314     9.6658E-03
    2.37708     1.4682E+00     5.6209E-01     3.1910E-01     6.3532E-02     0.0000E+00     2.2329-314     2.6639E-02
    2.48513     1.5038E+00     5.4225E-01     3.2956E-01    -7.6859E-03     0.0000E+00     2.2329-314     4.2591E-02
    2.59318     1.5418E+00     5.2233E-01     3.5156E-01    -8.3657E-02     0.0000E+00     2.2329-314     2.0862E-02
    2.70122     1.5777E+00     5.0460E-01     3.3237E-01    -1.5548E-01     0.0000E+00     2.2329-314     1.1361E-01
    2.80927     1.6239E+00     4.8322E-01     4.2757E-01    -2.4788E-01     0.0000E+00     2.2329-314     2.7103E-02
    2.91732     1.6661E+00     4.6498E-01     3.9060E-01    -3.3229E-01     0.0000E+00     2.2329-314    -5.7724E-02
    3.02537     1.6925E+00     4.5414E-01     2.4427E-01    -3.8507E-01     0.0000E+00     2.2329-314    -8.2841E-02
    3.13342     1.7007E+00     4.5088E-01     7.5593E-02    -4.0141E-01     0.0000E+00     2.2329-314    -1.8628E-02
    3.24147     1.7002E+00     4.5107E-01    -4.5806E-03    -4.0042E-01     0.0000E+00     2.2329-314    -3.6969E-02
    3.34952     1.6892E+00     4.5549E-01    -1.0193E-01    -3.7839E-01     0.0000E+00     2.2329-314    -2.3711E-02
    3.45757     1.6703E+00     4.6326E-01    -1.7528E-01    -3.4051E-01     0.0000E+00     2.2329-314    -4.8124E-02
    3.56562     1.6410E+00     4.7569E-01    -2.7054E-01    -2.8205E-01     0.0000E+00     2.2329-314     2.6032E-02
    3.67367     1.6127E+00     4.8830E-01    -2.6246E-01    -2.2533E-01     0.0000E+00     2.2329-314     5.4463E-02
    3.78171     1.5899E+00     4.9882E-01    -2.1061E-01    -1.7982E-01     0.0000E+00     2.2329-314    -3.1265E-02
    3.88976     1.5614E+00     5.1255E-01    -2.6405E-01    -1.2276E-01     0.0000E+00     2.2329-314    -4.3249E-03
    3.99781     1.5319E+00     5.2741E-01    -2.7264E-01    -6.3844E-02     0.0000E+00     2.2329-314     3.6543E-02
    4.10586     1.5084E+00     5.3979E-01    -2.1774E-01    -1.6791E-02     0.0000E+00     2.2329-314     4.2170E-02
    4.21391     1.4922E+00     5.4858E-01    -1.4949E-01     1.5515E-02     0.0000E+00     2.2329-314     1.4775E-02
    4.32196     1.4796E+00     5.5562E-01    -1.1693E-01     4.0784E-02     0.0000E+00     2.2329-314     8.5427E-02
    4.43001     1.4814E+00     5.5460E-01     1.6746E-02     3.7165E-02     0.0000E+00     2.2329-314     6.3423E-02
    4.53806     1.4932E+00     5.4807E-01     1.0879E-01     1.3655E-02     0.0000E+00     2.2329-314    -6.0629E-02
    4.64611     1.4950E+00     5.4709E-01     1.6490E-02     1.0091E-02     0.0000E+00     2.2329-314     1.3012E-02
    4.75416     1.4986E+00     5.4509E-01     3.3878E-02     2.7705E-03     0.0000E+00     2.2329-314     5.5589E-02
    4.86220     1.5102E+00     5.3883E-01     1.0723E-01    -2.0402E-02     0.0000E+00     2.2329-314     1.1788E-02
    4.97025     1.5221E+00     5.3251E-01     1.1029E-01    -4.4235E-02     0.0000E+00     2.2329-314     5.8725E-02
    5.07830     1.5408E+00     5.2285E-01     1.7302E-01    -8.1624E-02     0.0000E+00     2.2329-314    -3.9443E-02
    5.18635     1.5509E+00     5.1776E-01     9.3358E-02    -1.0180E-01     0.0000E+00     2.2329-314    -7.5775E-02
    5.29440     1.5478E+00     5.1934E-01    -2.9129E-02    -9.5504E-02     0.0000E+00     2.2329-314    -4.1442E-02
    5.40245     1.5374E+00     5.2460E-01    -9.6034E-02    -7.4751E-02     0.0000E+00     2.2329-314    -9.8471E-02
    5.51050     1.5123E+00     5.3770E-01    -2.3197E-01    -2.4622E-02     0.0000E+00     2.2329-314    -3.7974E-02
    5.61855     1.4828E+00     5.5385E-01    -2.7342E-01     3.4464E-02     0.0000E+00     2.2329-314     1.7002E-03
    5.72660     1.4558E+00     5.6932E-01    -2.4980E-01     8.8446E-02     0.0000E+00     2.2329-314    -8.9984E-02
    5.83465     1.4180E+00     5.9222E-01    -3.4952E-01     1.6398E-01     0.0000E+00     2.2329-314    -9.2037E-02
    5.94269     1.3703E+00     6.2339E-01    -4.4119E-01     2.5932E-01     0.0000E+00     2.2329-314    -1.6673E-02
    6.05074     1.3268E+00     6.5430E-01    -4.0267E-01     3.4633E-01     0.0000E+00     2.2329-314    -3.4692E-02
    6.15879     1.2860E+00     6.8567E-01    -3.7750E-01     4.2791E-01     0.0000E+00     2.2329-314     4.8698E-02
    6.26684     1.2667E+00     7.0144E-01    -1.7905E-01     4.6660E-01     0.0000E+00     2.2329-314     2.3557E-02
    6.37489     1.2648E+00     7.0299E-01    -1.7237E-02     4.7033E-01     0.0000E+00     2.2329-314    -1.1391E-01
    6.48294     1.2494E+00     7.1603E-01    -1.4258E-01     5.0114E-01     0.0000E+00     2.2329-314    -2.1060E-02
    6.59099     1.2429E+00     7.2166E-01    -6.0233E-02     5.1416E-01     0.0000E+00     2.2329-314     8.2584E-02
    6.69904     1.2684E+00     7.0001E-01     2.3604E-01     4.6315E-01     0.0000E+00     2.2329-314    -2.2592E-03
    6.80709     1.2986E+00     6.7578E-01     2.7893E-01     4.0287E-01     0.0000E+00     2.2329-314     1.8622E-02
    6.91514     1.3351E+00     6.4826E-01     3.3782E-01     3.2987E-01     0.0000E+00     2.2329-314    -1.6291E-02
    7.02318     1.3686E+00     6.2454E-01     3.1084E-01     2.6270E-01     0.0000E+00     2.2329-314     8.2174E-03
    7.13123     1.4034E+00     6.0149E-01     3.2161E-01     1.9320E-01     0.0000E+00     2.2329-314     3.1358E-02
    7.23928     1.4419E+00     5.7755E-01     3.5652E-01     1.1616E-01     0.0000E+00     2.2329-314     8.3640E-02
    7.34733     1.4907E+00     5.4946E-01     4.5102E-01     1.8693E-02     0.0000E+00     2.2329-314    -1.0265E-01
    7.45538     1.5185E+00     5.3440E-01     2.5788E-01    -3.7034E-02     0.0000E+00     2.2329-314     3.6865E-02
    7.56343     1.5484E+00     5.1899E-01     2.7689E-01    -9.6868E-02     0.0000E+00     2.2329-314     1.1312E-01
    7.67148     1.5902E+00     4.9867E-01     3.8668E-01    -1.8043E-01     0.0000E+00     2.2329-314    -3.4289E-02
    7.77953     1.6207E+00     4.8467E-01     2.8222E-01    -2.4142E-01     0.0000E+00     2.2329-314     3.0976E-02
    7.88758     1.6494E+00     4.7208E-01     2.6543E-01    -2.9878E-01     0.0000E+00     2.2329-314     3.2533E-02
    7.99562     1.6759E+00     4.6092E-01     2.4541E-01    -3.5181E-01     0.0000E+00     2.2329-314    -2.0315E-02
    8.10367     1.6928E+00     4.5405E-01     1.5610E-01    -3.8554E-01     0.0000E+00     2.2329-314     2.4895E-02
    8.21172     1.7063E+00     4.4866E-01     1.2512E-01    -4.1258E-01     0.0000E+00     2.2329-314    -9.2941E-04
    8.31977     1.7130E+00     4.4604E-01     6.1846E-02    -4.2594E-01     0.0000E+00     2.2329-314    -5.8663E-02
    8.42782     1.7056E+00     4.4895E-01    -6.8464E-02    -4.1115E-01     0.0000E+00     2.2329-314     6.1453E-02
    8.53587     1.7008E+00     4.5084E-01    -4.4314E-02    -4.0157E-01     0.0000E+00     2.2329-314    -8.5789E-03
 
 
    0.10805     2.0000E+00     3.5355E-01     0.0000E+00    -1.0000E+00     0.0000E+00     2.2329-314     4.9548E-02
    0.21610     1.9930E+00     3.5543E-01    -6.5085E-02    -9.8594E-01     0.0000E+00     2.2329-314     6.2626E-02
    0.32415     1.9809E+00     3.5867E-01    -1.1132E-01    -9.6188E-01     0.0000E+00     2.2329-314    -5.9205E-02
    0.43220     1.9497E+00     3.6731E-01    -2.8869E-01    -8.9949E-01     0.0000E+00     2.2329-314     3.3450E-02
    0.54024     1.9120E+00     3.7823E-01    -3.4907E-01    -8.2406E-01     0.0000E+00     2.2329-314     1.0640E-02
    0.64829     1.8662E+00     3.9226E-01    -4.2435E-01    -7.3236E-01     0.0000E+00     2.2329-314    -6.6408E-03
    0.75634     1.8115E+00     4.1016E-01    -5.0638E-01    -6.2293E-01     0.0000E+00     2.2329-314    -3.8672E-02
    0.86439     1.7455E+00     4.3364E-01    -6.1081E-01    -4.9094E-01     0.0000E+00     2.2329-314     9.6223E-03
    0.97244     1.6762E+00     4.6080E-01    -6.4103E-01    -3.5241E-01     0.0000E+00     2.2329-314     1.0007E-02
    1.08049     1.6056E+00     4.9152E-01    -6.5343E-01    -2.1121E-01     0.0000E+00     2.2329-314    -7.8102E-02
    1.18854     1.5235E+00     5.3180E-01    -7.6014E-01    -4.6943E-02     0.0000E+00     2.2329-314    -7.4669E-02
    1.29659     1.4317E+00     5.8373E-01    -8.4919E-01     1.3657E-01     0.0000E+00     2.2329-314     1.7495E-01
    1.40464     1.3708E+00     6.2309E-01    -5.6407E-01     2.5846E-01     0.0000E+00     2.2329-314     4.7485E-02
    1.51269     1.3247E+00     6.5588E-01    -4.2640E-01     3.5061E-01     0.0000E+00     2.2329-314     6.9688E-02
    1.62073     1.3009E+00     6.7400E-01    -2.2067E-01     3.9829E-01     0.0000E+00     2.2329-314    -7.2951E-03
    1.72878     1.2859E+00     6.8578E-01    -1.3828E-01     4.2817E-01     0.0000E+00     2.2329-314     4.4223E-02
    1.83683     1.2907E+00     6.8199E-01     4.4049E-02     4.1866E-01     0.0000E+00     2.2329-314    -1.3933E-01
    1.94488     1.2756E+00     6.9409E-01    -1.3927E-01     4.4875E-01     0.0000E+00     2.2329-314     6.9491E-03
    2.05293     1.2735E+00     6.9583E-01    -1.9663E-02     4.5300E-01     0.0000E+00     2.2329-314     2.6717E-02
    2.16098     1.2872E+00     6.8477E-01     1.2651E-01     4.2566E-01     0.0000E+00     2.2329-314     1.1250E-02
    2.26903     1.3099E+00     6.6704E-01     2.1018E-01     3.8024E-01     0.0000E+00     2.2329-314    -1.4539E-01
    2.37708     1.3086E+00     6.6805E-01    -1.2193E-02     3.8288E-01     0.0000E+00     2.2329-314    -2.9207E-02
    2.48513     1.3095E+00     6.6732E-01     8.8733E-03     3.8096E-01     0.0000E+00     2.2329-314    -1.3096E-01
    2.59318     1.2929E+00     6.8025E-01    -1.5414E-01     4.1427E-01     0.0000E+00     2.2329-314     9.0754E-02
    2.70122     1.3047E+00     6.7101E-01     1.0959E-01     3.9059E-01     0.0000E+00     2.2329-314     3.7517E-02
    2.80927     1.3300E+00     6.5196E-01     2.3412E-01     3.4000E-01     0.0000E+00     2.2329-314    -4.6287E-04
    2.91732     1.3578E+00     6.3204E-01     2.5724E-01     2.8441E-01     0.0000E+00     2.2329-314     2.2525E-02
    3.02537     1.3907E+00     6.0974E-01     3.0456E-01     2.1859E-01     0.0000E+00     2.2329-314    -1.0300E-01
    3.13342     1.4056E+00     6.0006E-01     1.3813E-01     1.8874E-01     0.0000E+00     2.2329-314     4.3167E-03
    3.24147     1.4228E+00     5.8924E-01     1.5879E-01     1.5443E-01     0.0000E+00     2.2329-314     1.3978E-01
    3.34952     1.4631E+00     5.6507E-01     3.7277E-01     7.3874E-02     0.0000E+00     2.2329-314    -7.4172E-02
    3.45757     1.4883E+00     5.5078E-01     2.3327E-01     2.3464E-02     0.0000E+00     2.2329-314     7.4825E-02
    3.56562     1.5225E+00     5.3233E-01     3.1638E-01    -4.4904E-02     0.0000E+00     2.2329-314    -1.1062E-02
    3.67367     1.5509E+00     5.1778E-01     2.6283E-01    -1.0170E-01     0.0000E+00     2.2329-314    -3.7247E-02
    3.78171     1.5698E+00     5.0846E-01     1.7492E-01    -1.3950E-01     0.0000E+00     2.2329-314    -6.9824E-02
    3.88976     1.5751E+00     5.0587E-01     4.9551E-02    -1.5021E-01     0.0000E+00     2.2329-314    -8.6067E-02
    3.99781     1.5657E+00     5.1045E-01    -8.7346E-02    -1.3133E-01     0.0000E+00     2.2329-314     1.0949E-01
    4.10586     1.5703E+00     5.0821E-01     4.2432E-02    -1.4050E-01     0.0000E+00     2.2329-314    -8.1783E-02
    4.21391     1.5608E+00     5.1284E-01    -8.7447E-02    -1.2160E-01     0.0000E+00     2.2329-314     3.7313E-02
    4.32196     1.5554E+00     5.1553E-01    -5.0409E-02    -1.1071E-01     0.0000E+00     2.2329-314    -1.2784E-01
    4.43001     1.5304E+00     5.2821E-01    -2.3130E-01    -6.0729E-02     0.0000E+00     2.2329-314    -9.4361E-02
    4.53806     1.4922E+00     5.4859E-01    -3.5304E-01     1.5563E-02     0.0000E+00     2.2329-314     4.6156E-03
    4.64611     1.4570E+00     5.6859E-01    -3.2579E-01     8.5964E-02     0.0000E+00     2.2329-314    -1.2499E-01
    4.75416     1.4059E+00     5.9989E-01    -4.7310E-01     1.8820E-01     0.0000E+00     2.2329-314    -1.7109E-02
    4.86220     1.3575E+00     6.3224E-01    -4.4774E-01     2.8496E-01     0.0000E+00     2.2329-314     4.4931E-02
    4.97025     1.3247E+00     6.5592E-01    -3.0422E-01     3.5070E-01     0.0000E+00     2.2329-314    -1.7535E-02
    5.07830     1.2977E+00     6.7643E-01    -2.4913E-01     4.0453E-01     0.0000E+00     2.2329-314     1.8203E-03
    5.18635     1.2818E+00     6.8905E-01    -1.4712E-01     4.3633E-01     0.0000E+00     2.2329-314    -1.1464E-01
    5.29440     1.2536E+00     7.1247E-01    -2.6139E-01     4.9281E-01     0.0000E+00     2.2329-314     4.6823E-02
    5.40245     1.2496E+00     7.1586E-01    -3.6667E-02     5.0074E-01     0.0000E+00     2.2329-314     3.7358E-02
    5.51050     1.2663E+00     7.0178E-01     1.5415E-01     4.6742E-01     0.0000E+00     2.2329-314     2.4154E-02
    5.61855     1.2954E+00     6.7824E-01     2.6964E-01     4.0916E-01     0.0000E+00     2.2329-314    -2.9921E-02
    5.72660     1.3217E+00     6.5812E-01     2.4306E-01     3.5663E-01     0.0000E+00     2.2329-314     2.9341E-02
    5.83465     1.3561E+00     6.3320E-01     3.1897E-01     2.8770E-01     0.0000E+00     2.2329-314     2.9713E-02
    5.94269     1.3958E+00     6.0643E-01     3.6670E-01     2.0846E-01     0.0000E+00     2.2329-314    -6.0728E-02
    6.05074     1.4232E+00     5.8897E-01     2.5402E-01     1.5356E-01     0.0000E+00     2.2329-314     9.3970E-02
    6.15879     1.4650E+00     5.6396E-01     3.8662E-01     7.0016E-02     0.0000E+00     2.2329-314     3.8094E-02
    6.26684     1.5087E+00     5.3965E-01     4.0422E-01    -1.7334E-02     0.0000E+00     2.2329-314     2.7072E-02
    6.37489     1.5512E+00     5.1759E-01     3.9386E-01    -1.0245E-01     0.0000E+00     2.2329-314     9.2817E-02
    6.48294     1.6012E+00     4.9356E-01     4.6244E-01    -2.0238E-01     0.0000E+00     2.2329-314    -8.5539E-02
    6.59099     1.6317E+00     4.7978E-01     2.8225E-01    -2.6337E-01     0.0000E+00     2.2329-314    -9.2991E-03
    6.69904     1.6546E+00     4.6984E-01     2.1239E-01    -3.0927E-01     0.0000E+00     2.2329-314     5.5037E-02
    6.80709     1.6788E+00     4.5974E-01     2.2348E-01    -3.5756E-01     0.0000E+00     2.2329-314     9.1880E-02
    6.91514     1.7083E+00     4.4789E-01     2.7275E-01    -4.1650E-01     0.0000E+00     2.2329-314     1.7494E-03
    7.02318     1.7300E+00     4.3946E-01     2.0146E-01    -4.6004E-01     0.0000E+00     2.2329-314    -1.0813E-02
    7.13123     1.7425E+00     4.3474E-01     1.1583E-01    -4.8507E-01     0.0000E+00     2.2329-314    -9.8799E-02
    7.23928     1.7348E+00     4.3765E-01    -7.1611E-02    -4.6959E-01     0.0000E+00     2.2329-314     5.3088E-03
    7.34733     1.7216E+00     4.4270E-01    -1.2233E-01    -4.4316E-01     0.0000E+00     2.2329-314    -1.2112E-02
    7.45538     1.7012E+00     4.5066E-01    -1.8822E-01    -4.0248E-01     0.0000E+00     2.2329-314    -5.8126E-02
    7.56343     1.6686E+00     4.6394E-01    -3.0195E-01    -3.3723E-01     0.0000E+00     2.2329-314    -8.9425E-03
    7.67148     1.6315E+00     4.7986E-01    -3.4333E-01    -2.6304E-01     0.0000E+00     2.2329-314     2.0605E-02
    7.77953     1.5951E+00     4.9637E-01    -3.3676E-01    -1.9027E-01     0.0000E+00     2.2329-314     2.4441E-02
    7.88758     1.5611E+00     5.1270E-01    -3.1515E-01    -1.2217E-01     0.0000E+00     2.2329-314    -3.9098E-02
    7.99562     1.5214E+00     5.3289E-01    -3.6728E-01    -4.2797E-02     0.0000E+00     2.2329-314     8.9352E-02
    8.10367     1.4961E+00     5.4648E-01    -2.3441E-01     7.8580E-03     0.0000E+00     2.2329-314     7.2007E-04
    8.21172     1.4725E+00     5.5965E-01    -2.1807E-01     5.4983E-02     0.0000E+00     2.2329-314    -2.4203E-02
    8.31977     1.4477E+00     5.7412E-01    -2.3001E-01     1.0469E-01     0.0000E+00     2.2329-314     6.2423E-02
    8.42782     1.4359E+00     5.8117E-01    -1.0863E-01     1.2816E-01     0.0000E+00     2.2329-314    -8.0369E-02
    8.53587     1.4145E+00     5.9442E-01    -1.9816E-01     1.7099E-01     0.0000E+00     2.2329-314     1.9799E-02
 
 
    0.10805     2.0000E+00     3.5355E-01     0.0000E+00    -1.0000E+00     0.0000E+00     2.2329-314     1.3212E-02
    0.21610     1.9886E+00     3.5660E-01    -1.0543E-01    -9.7722E-01     0.0000E+00     2.2329-314    -1.4007E-02
    0.32415     1.9633E+00     3.6352E-01    -2.3433E-01    -9.2658E-01     0.0000E+00     2.2329-314    -4.8853E-02
    0.43220     1.9210E+00     3.7560E-01    -3.9182E-01    -8.4191E-01     0.0000E+00     2.2329-314    -6.6226E-02
    0.54024     1.8610E+00     3.9389E-01    -5.5466E-01    -7.2204E-01     0.0000E+00     2.2329-314     3.3116E-02
    0.64829     1.7976E+00     4.1490E-01    -5.8660E-01    -5.9528E-01     0.0000E+00     2.2329-314    -1.6281E-02
    0.75634     1.7263E+00     4.4088E-01    -6.6007E-01    -4.5264E-01     0.0000E+00     2.2329-314     4.3346E-02
    0.86439     1.6567E+00     4.6897E-01    -6.4455E-01    -3.1335E-01     0.0000E+00     2.2329-314    -5.0536E-02
    0.97244     1.5781E+00     5.0441E-01    -7.2701E-01    -1.5625E-01     0.0000E+00     2.2329-314     1.1214E-02
    1.08049     1.5010E+00     5.4377E-01    -7.1342E-01    -2.0804E-03     0.0000E+00     2.2329-314    -1.0879E-01
    1.18854     1.4098E+00     5.9740E-01    -8.4445E-01     1.8040E-01     0.0000E+00     2.2329-314    -6.6971E-02
    1.29659     1.3111E+00     6.6608E-01    -9.1312E-01     3.7773E-01     0.0000E+00     2.2329-314    -1.5522E-02
    1.40464     1.2136E+00     7.4796E-01    -9.0257E-01     5.7277E-01     0.0000E+00     2.2329-314    -6.1634E-02
    1.51269     1.1047E+00     8.6121E-01    -1.0076E+00     7.9052E-01     0.0000E+00     2.2329-314     3.4685E-03
 
 
    0.10805     2.0000E+00     3.5355E-01     0.0000E+00    -1.0000E+00     0.0000E+00     2.2329-314     6.9826E-03
    0.21610     1.9879E+00     3.5680E-01    -1.1235E-01    -9.7572E-01     0.0000E+00     2.2329-314     9.1694E-02
    0.32415     1.9746E+00     3.6041E-01    -1.2316E-01    -9.4911E-01     0.0000E+00     2.2329-314    -1.0829E-02
    0.43220     1.9481E+00     3.6777E-01    -2.4475E-01    -8.9622E-01     0.0000E+00     2.2329-314    -4.1110E-02
    0.54024     1.9060E+00     3.8003E-01    -3.8994E-01    -8.1195E-01     0.0000E+00     2.2329-314     6.1228E-02
    0.64829     1.8622E+00     3.9352E-01    -4.0521E-01    -7.2439E-01     0.0000E+00     2.2329-314     1.5835E-02
    0.75634     1.8124E+00     4.0985E-01    -4.6111E-01    -6.2474E-01     0.0000E+00     2.2329-314     7.1375E-02
    0.86439     1.7650E+00     4.2648E-01    -4.3886E-01    -5.2991E-01     0.0000E+00     2.2329-314    -3.3971E-02
    0.97244     1.7078E+00     4.4807E-01    -5.2905E-01    -4.1558E-01     0.0000E+00     2.2329-314     1.7199E-02
    1.08049     1.6492E+00     4.7216E-01    -5.4224E-01    -2.9840E-01     0.0000E+00     2.2329-314    -8.4797E-02
    1.18854     1.5772E+00     5.0488E-01    -6.6676E-01    -1.5432E-01     0.0000E+00     2.2329-314    -6.5684E-03
    1.29659     1.5042E+00     5.4207E-01    -6.7547E-01    -8.3492E-03     0.0000E+00     2.2329-314    -7.3845E-05
    1.40464     1.4332E+00     5.8285E-01    -6.5719E-01     1.3367E-01     0.0000E+00     2.2329-314     7.3960E-02
    1.51269     1.3780E+00     6.1817E-01    -5.1026E-01     2.4393E-01     0.0000E+00     2.2329-314     5.2071E-02
    1.62073     1.3384E+00     6.4586E-01    -3.6711E-01     3.2327E-01     0.0000E+00     2.2329-314    -1.3787E-03
    1.72878     1.3070E+00     6.6923E-01    -2.9008E-01     3.8595E-01     0.0000E+00     2.2329-314     3.4464E-03
    1.83683     1.2866E+00     6.8526E-01    -1.8938E-01     4.2688E-01     0.0000E+00     2.2329-314    -1.1974E-02
    1.94488     1.2748E+00     6.9479E-01    -1.0913E-01     4.5046E-01     0.0000E+00     2.2329-314     3.4044E-02
    2.05293     1.2813E+00     6.8947E-01     6.0582E-02     4.3737E-01     0.0000E+00     2.2329-314     6.5928E-03
    2.16098     1.2976E+00     6.7654E-01     1.5065E-01     4.0481E-01     0.0000E+00     2.2329-314    -5.8253E-03
    2.26903     1.3185E+00     6.6055E-01     1.9303E-01     3.6310E-01     0.0000E+00     2.2329-314    -5.7497E-02
    2.37708     1.3324E+00     6.5023E-01     1.2868E-01     3.3529E-01     0.0000E+00     2.2329-314     8.9476E-02
    2.48513     1.3672E+00     6.2552E-01     3.2267E-01     2.6556E-01     0.0000E+00     2.2329-314    -9.1752E-02
    2.59318     1.3857E+00     6.1304E-01     1.7123E-01     2.2856E-01     0.0000E+00     2.2329-314     7.7164E-02
    2.70122     1.4190E+00     5.9162E-01     3.0761E-01     1.6208E-01     0.0000E+00     2.2329-314     3.9752E-02
    2.80927     1.4571E+00     5.6856E-01     3.5277E-01     8.5849E-02     0.0000E+00     2.2329-314     3.3553E-02
    2.91732     1.4972E+00     5.4588E-01     3.7105E-01     5.6656E-03     0.0000E+00     2.2329-314    -9.1678E-02
    3.02537     1.5192E+00     5.3402E-01     2.0428E-01    -3.8479E-02     0.0000E+00     2.2329-314    -3.5632E-02
    3.13342     1.5334E+00     5.2665E-01     1.3100E-01    -6.6787E-02     0.0000E+00     2.2329-314     3.0750E-02
    3.24147     1.5497E+00     5.1837E-01     1.5076E-01    -9.9366E-02     0.0000E+00     2.2329-314    -7.0034E-03
    3.34952     1.5620E+00     5.1223E-01     1.1420E-01    -1.2404E-01     0.0000E+00     2.2329-314    -4.9969E-03
    3.45757     1.5707E+00     5.0798E-01     8.0534E-02    -1.4145E-01     0.0000E+00     2.2329-314     2.3218E-02
    3.56562     1.5798E+00     5.0360E-01     8.4227E-02    -1.5965E-01     0.0000E+00     2.2329-314     2.6034E-02
    3.67367     1.5894E+00     4.9905E-01     8.8776E-02    -1.7883E-01     0.0000E+00     2.2329-314    -2.6855E-02
    3.78171     1.5918E+00     4.9791E-01     2.2354E-02    -1.8366E-01     0.0000E+00     2.2329-314    -4.3409E-02
    3.88976     1.5853E+00     5.0102E-01    -6.0884E-02    -1.7051E-01     0.0000E+00     2.2329-314    -4.7806E-02
    3.99781     1.5698E+00     5.0842E-01    -1.4269E-01    -1.3967E-01     0.0000E+00     2.2329-314     4.0765E-02
    4.10586     1.5590E+00     5.1375E-01    -1.0074E-01    -1.1790E-01     0.0000E+00     2.2329-314     2.6762E-05
    4.21391     1.5469E+00     5.1975E-01    -1.1123E-01    -9.3864E-02     0.0000E+00     2.2329-314     1.1922E-01
    4.32196     1.5513E+00     5.1758E-01     4.0041E-02    -1.0252E-01     0.0000E+00     2.2329-314    -7.2026E-02
    4.43001     1.5434E+00     5.2156E-01    -7.3192E-02    -8.6701E-02     0.0000E+00     2.2329-314    -3.3129E-02
    4.53806     1.5298E+00     5.2848E-01    -1.2502E-01    -5.9685E-02     0.0000E+00     2.2329-314    -4.4416E-02
    4.64611     1.5098E+00     5.3903E-01    -1.8529E-01    -1.9645E-02     0.0000E+00     2.2329-314    -2.4991E-02
    4.75416     1.4871E+00     5.5145E-01    -2.1068E-01     2.5883E-02     0.0000E+00     2.2329-314     1.2533E-03
    4.86220     1.4663E+00     5.6319E-01    -1.9186E-01     6.7344E-02     0.0000E+00     2.2329-314    -6.2991E-02
    4.97025     1.4384E+00     5.7966E-01    -2.5829E-01     1.2316E-01     0.0000E+00     2.2329-314     9.2670E-03
    5.07830     1.4158E+00     5.9359E-01    -2.0910E-01     1.6835E-01     0.0000E+00     2.2329-314    -6.2013E-03
    5.18635     1.3967E+00     6.0580E-01    -1.7675E-01     2.0654E-01     0.0000E+00     2.2329-314    -1.2530E-03
    5.29440     1.3825E+00     6.1516E-01    -1.3142E-01     2.3494E-01     0.0000E+00     2.2329-314     1.3211E-01
    5.40245     1.3961E+00     6.0621E-01     1.2571E-01     2.0778E-01     0.0000E+00     2.2329-314    -6.3690E-02
    5.51050     1.4011E+00     6.0294E-01     4.6570E-02     1.9771E-01     0.0000E+00     2.2329-314     4.7763E-02
    5.61855     1.4169E+00     5.9289E-01     1.4614E-01     1.6613E-01     0.0000E+00     2.2329-314     5.2322E-03
    5.72660     1.4346E+00     5.8197E-01     1.6351E-01     1.3080E-01     0.0000E+00     2.2329-314    -4.8897E-02
    5.83465     1.4447E+00     5.7586E-01     9.3853E-02     1.1052E-01     0.0000E+00     2.2329-314     1.2875E-02
    5.94269     1.4577E+00     5.6821E-01     1.1963E-01     8.4666E-02     0.0000E+00     2.2329-314     7.0843E-03
    6.05074     1.4717E+00     5.6009E-01     1.3021E-01     5.6528E-02     0.0000E+00     2.2329-314     3.1940E-02
    6.15879     1.4902E+00     5.4973E-01     1.7053E-01     1.9677E-02     0.0000E+00     2.2329-314    -3.6719E-02
    6.26684     1.5016E+00     5.4348E-01     1.0554E-01    -3.1296E-03     0.0000E+00     2.2329-314    -5.1463E-02
    6.37489     1.5042E+00     5.4205E-01     2.4439E-02    -8.4108E-03     0.0000E+00     2.2329-314     2.6806E-02
    6.48294     1.5104E+00     5.3873E-01     5.7209E-02    -2.0774E-02     0.0000E+00     2.2329-314     1.3508E-03
    6.59099     1.5158E+00     5.3582E-01     5.0561E-02    -3.1700E-02     0.0000E+00     2.2329-314     6.5105E-02
    6.69904     1.5298E+00     5.2849E-01     1.2938E-01    -5.9659E-02     0.0000E+00     2.2329-314    -1.4586E-02
    6.80709     1.5395E+00     5.2351E-01     8.9555E-02    -7.9012E-02     0.0000E+00     2.2329-314    -4.5129E-03
    6.91514     1.5465E+00     5.1999E-01     6.4351E-02    -9.2918E-02     0.0000E+00     2.2329-314     1.6579E-03
    7.02318     1.5516E+00     5.1740E-01     4.7646E-02    -1.0321E-01     0.0000E+00     2.2329-314    -2.4771E-02
    7.13123     1.5512E+00     5.1761E-01    -3.9334E-03    -1.0236E-01     0.0000E+00     2.2329-314     3.1167E-02
    7.23928     1.5536E+00     5.1641E-01     2.2334E-02    -1.0719E-01     0.0000E+00     2.2329-314    -1.4598E-02
    7.34733     1.5520E+00     5.1718E-01    -1.4360E-02    -1.0409E-01     0.0000E+00     2.2329-314     7.8446E-02
    7.45538     1.5601E+00     5.1317E-01     7.4740E-02    -1.2024E-01     0.0000E+00     2.2329-314    -2.8829E-02
    7.56343     1.5616E+00     5.1245E-01     1.3617E-02    -1.2318E-01     0.0000E+00     2.2329-314     1.3310E-01
    7.67148     1.5798E+00     5.0359E-01     1.6897E-01    -1.5970E-01     0.0000E+00     2.2329-314     5.4754E-02
    7.77953     1.6018E+00     4.9326E-01     2.0350E-01    -2.0367E-01     0.0000E+00     2.2329-314    -5.2781E-02
    7.88758     1.6117E+00     4.8872E-01     9.1633E-02    -2.2347E-01     0.0000E+00     2.2329-314    -3.7421E-02
    7.99562     1.6124E+00     4.8840E-01     6.5482E-03    -2.2489E-01     0.0000E+00     2.2329-314    -4.4191E-02
    8.10367     1.6037E+00     4.9241E-01    -8.1160E-02    -2.0735E-01     0.0000E+00     2.2329-314     1.0551E-02
    8.21172     1.5938E+00     4.9700E-01    -9.1545E-02    -1.8757E-01     0.0000E+00     2.2329-314    -5.3521E-02
    8.31977     1.5743E+00     5.0628E-01    -1.8076E-01    -1.4850E-01     0.0000E+00     2.2329-314     2.0910E-02
    8.42782     1.5565E+00     5.1495E-01    -1.6398E-01    -1.1307E-01     0.0000E+00     2.2329-314    -8.0090E-02
    8.53587     1.5268E+00     5.3008E-01    -2.7548E-01    -5.3539E-02     0.0000E+00     2.2329-314     1.2633E-05
 
 
    0.10805     2.0000E+00     3.5355E-01     0.0000E+00    -1.0000E+00     0.0000E+00     2.2329-314    -2.3114E-02
    0.21610     1.9842E+00     3.5777E-01    -1.4577E-01    -9.6850E-01     0.0000E+00     2.2329-314     2.5372E-02
    0.32415     1.9596E+00     3.6455E-01    -2.2829E-01    -9.1917E-01     0.0000E+00     2.2329-314     4.5881E-02
    0.43220     1.9294E+00     3.7313E-01    -2.7915E-01    -8.5884E-01     0.0000E+00     2.2329-314    -3.3369E-02
    0.54024     1.8851E+00     3.8637E-01    -4.1037E-01    -7.7016E-01     0.0000E+00     2.2329-314     3.0909E-02
    0.64829     1.8360E+00     4.0197E-01    -4.5438E-01    -6.7197E-01     0.0000E+00     2.2329-314    -1.6637E-02
    0.75634     1.7776E+00     4.2193E-01    -5.4013E-01    -5.5525E-01     0.0000E+00     2.2329-314     3.0094E-02
    0.86439     1.7176E+00     4.4423E-01    -5.5535E-01    -4.3524E-01     0.0000E+00     2.2329-314    -2.5202E-02
    0.97244     1.6505E+00     4.7162E-01    -6.2158E-01    -3.0092E-01     0.0000E+00     2.2329-314    -3.7221E-02
    1.08049     1.5763E+00     5.0529E-01    -6.8635E-01    -1.5260E-01     0.0000E+00     2.2329-314    -4.0854E-02
    1.18854     1.4964E+00     5.4629E-01    -7.3943E-01     7.1864E-03     0.0000E+00     2.2329-314     3.3909E-02
    1.29659     1.4236E+00     5.8874E-01    -6.7398E-01     1.5283E-01     0.0000E+00     2.2329-314    -4.0160E-02
    1.40464     1.3487E+00     6.3847E-01    -6.9331E-01     3.0266E-01     0.0000E+00     2.2329-314    -2.0973E-03
    1.51269     1.2800E+00     6.9054E-01    -6.3568E-01     4.4003E-01     0.0000E+00     2.2329-314     9.4120E-02
    1.62073     1.2406E+00     7.2372E-01    -3.6490E-01     5.1888E-01     0.0000E+00     2.2329-314     2.9616E-02
    1.72878     1.2230E+00     7.3939E-01    -1.6275E-01     5.5405E-01     0.0000E+00     2.2329-314     6.8755E-02
    1.83683     1.2385E+00     7.2555E-01     1.4345E-01     5.2305E-01     0.0000E+00     2.2329-314    -1.2775E-01
    1.94488     1.2339E+00     7.2961E-01    -4.2543E-02     5.3224E-01     0.0000E+00     2.2329-314     9.2225E-02
    2.05293     1.2647E+00     7.0313E-01     2.8496E-01     4.7066E-01     0.0000E+00     2.2329-314    -2.3361E-02
    2.16098     1.2943E+00     6.7911E-01     2.7442E-01     4.1136E-01     0.0000E+00     2.2329-314     7.1130E-02
    2.26903     1.3411E+00     6.4390E-01     4.3271E-01     3.1785E-01     0.0000E+00     2.2329-314     2.4795E-02
    2.37708     1.3898E+00     6.1033E-01     4.5114E-01     2.2036E-01     0.0000E+00     2.2329-314     6.8777E-02
    2.48513     1.4463E+00     5.7491E-01     5.2295E-01     1.0736E-01     0.0000E+00     2.2329-314     1.7454E-02
    2.59318     1.4994E+00     5.4464E-01     4.9148E-01     1.1481E-03     0.0000E+00     2.2329-314    -6.9997E-02
    2.70122     1.5358E+00     5.2541E-01     3.3672E-01    -7.1616E-02     0.0000E+00     2.2329-314    -2.8479E-02
    2.80927     1.5633E+00     5.1159E-01     2.5483E-01    -1.2668E-01     0.0000E+00     2.2329-314     4.3300E-03
    2.91732     1.5871E+00     5.0015E-01     2.1977E-01    -1.7418E-01     0.0000E+00     2.2329-314    -1.5458E-02
    3.02537     1.6041E+00     4.9222E-01     1.5722E-01    -2.0815E-01     0.0000E+00     2.2329-314     2.1172E-02
    3.13342     1.6195E+00     4.8519E-01     1.4317E-01    -2.3909E-01     0.0000E+00     2.2329-314    -5.3346E-02
    3.24147     1.6230E+00     4.8363E-01     3.2284E-02    -2.4607E-01     0.0000E+00     2.2329-314    -4.4241E-02
    3.34952     1.6166E+00     4.8652E-01    -5.9566E-02    -2.3319E-01     0.0000E+00     2.2329-314     1.1336E-02
    3.45757     1.6086E+00     4.9013E-01    -7.3732E-02    -2.1726E-01     0.0000E+00     2.2329-314    -4.4626E-02
    3.56562     1.5918E+00     4.9794E-01    -1.5602E-01    -1.8354E-01     0.0000E+00     2.2329-314     2.4952E-02
    3.67367     1.5766E+00     5.0515E-01    -1.4045E-01    -1.5319E-01     0.0000E+00     2.2329-314    -2.0351E-02
    3.78171     1.5572E+00     5.1464E-01    -1.7996E-01    -1.1430E-01     0.0000E+00     2.2329-314     6.4432E-02
    3.88976     1.5462E+00     5.2009E-01    -1.0091E-01    -9.2498E-02     0.0000E+00     2.2329-314    -9.0401E-03
    3.99781     1.5333E+00     5.2669E-01    -1.1981E-01    -6.6608E-02     0.0000E+00     2.2329-314    -4.5195E-02
    4.10586     1.5136E+00     5.3701E-01    -1.8229E-01    -2.7216E-02     0.0000E+00     2.2329-314     5.6074E-03
    4.21391     1.4955E+00     5.4677E-01    -1.6733E-01     8.9429E-03     0.0000E+00     2.2329-314     1.0027E-03
    4.32196     1.4789E+00     5.5602E-01    -1.5383E-01     4.2186E-02     0.0000E+00     2.2329-314     5.5756E-02
    4.43001     1.4725E+00     5.5964E-01    -5.9120E-02     5.4961E-02     0.0000E+00     2.2329-314    -6.7408E-03
    4.53806     1.4664E+00     5.6313E-01    -5.6298E-02     6.7127E-02     0.0000E+00     2.2329-314     4.6454E-02
    4.64611     1.4690E+00     5.6166E-01     2.3606E-02     6.2026E-02     0.0000E+00     2.2329-314    -7.7698E-03
    4.75416     1.4711E+00     5.6047E-01     1.9218E-02     5.7873E-02     0.0000E+00     2.2329-314     2.9821E-02
    4.86220     1.4784E+00     5.5632E-01     6.7654E-02     4.3253E-02     0.0000E+00     2.2329-314     3.8605E-02
    4.97025     1.4915E+00     5.4899E-01     1.2146E-01     1.7007E-02     0.0000E+00     2.2329-314    -5.2118E-02
    5.07830     1.4958E+00     5.4661E-01     4.0006E-02     8.3613E-03     0.0000E+00     2.2329-314    -7.7442E-02
    5.18635     1.4883E+00     5.5076E-01    -6.9628E-02     2.3408E-02     0.0000E+00     2.2329-314    -4.2480E-02
    5.29440     1.4753E+00     5.5807E-01    -1.2046E-01     4.9438E-02     0.0000E+00     2.2329-314    -1.4942E-05
    5.40245     1.4640E+00     5.6455E-01    -1.0475E-01     7.2074E-02     0.0000E+00     2.2329-314    -3.9410E-02
    5.51050     1.4486E+00     5.7357E-01    -1.4239E-01     1.0284E-01     0.0000E+00     2.2329-314     8.8143E-02
    5.61855     1.4498E+00     5.7287E-01     1.0910E-02     1.0049E-01     0.0000E+00     2.2329-314    -8.9224E-03
    5.72660     1.4510E+00     5.7211E-01     1.1827E-02     9.7930E-02     0.0000E+00     2.2329-314     6.4509E-02
    5.83465     1.4638E+00     5.6465E-01     1.1803E-01     7.2424E-02     0.0000E+00     2.2329-314     5.9758E-02
    5.94269     1.4856E+00     5.5227E-01     2.0182E-01     2.8812E-02     0.0000E+00     2.2329-314    -4.2838E-02
    6.05074     1.4992E+00     5.4478E-01     1.2577E-01     1.6323E-03     0.0000E+00     2.2329-314    -5.4695E-02
    6.15879     1.5034E+00     5.4250E-01     3.8744E-02    -6.7401E-03     0.0000E+00     2.2329-314    -3.5313E-02
    6.26684     1.5018E+00     5.4335E-01    -1.4534E-02    -3.5993E-03     0.0000E+00     2.2329-314     2.3394E-03
    6.37489     1.5006E+00     5.4402E-01    -1.1390E-02    -1.1380E-03     0.0000E+00     2.2329-314    -4.4411E-02
    6.48294     1.4928E+00     5.4830E-01    -7.2326E-02     1.4492E-02     0.0000E+00     2.2329-314    -4.3897E-02
    6.59099     1.4791E+00     5.5589E-01    -1.2606E-01     4.1733E-02     0.0000E+00     2.2329-314    -2.1026E-03
    6.69904     1.4668E+00     5.6292E-01    -1.1415E-01     6.6401E-02     0.0000E+00     2.2329-314    -9.7537E-02
    6.80709     1.4415E+00     5.7781E-01    -2.3430E-01     1.1703E-01     0.0000E+00     2.2329-314    -1.6742E-02
    6.91514     1.4172E+00     5.9275E-01    -2.2515E-01     1.6569E-01     0.0000E+00     2.2329-314     1.2269E-02
    7.02318     1.3993E+00     6.0410E-01    -1.6483E-01     2.0131E-01     0.0000E+00     2.2329-314    -5.3175E-02
    7.13123     1.3777E+00     6.1843E-01    -2.0078E-01     2.4470E-01     0.0000E+00     2.2329-314     4.6981E-02
    7.23928     1.3701E+00     6.2357E-01    -7.0153E-02     2.5986E-01     0.0000E+00     2.2329-314    -5.9509E-02
    7.34733     1.3577E+00     6.3214E-01    -1.1485E-01     2.8467E-01     0.0000E+00     2.2329-314     5.2592E-02
    7.45538     1.3609E+00     6.2986E-01     3.0267E-02     2.7813E-01     0.0000E+00     2.2329-314    -5.5876E-02
    7.56343     1.3591E+00     6.3110E-01    -1.6511E-02     2.8170E-01     0.0000E+00     2.2329-314    -1.1631E-01
    7.67148     1.3423E+00     6.4300E-01    -1.5570E-01     3.1535E-01     0.0000E+00     2.2329-314     6.0785E-02
    7.77953     1.3440E+00     6.4180E-01     1.5505E-02     3.1200E-01     0.0000E+00     2.2329-314    -1.8022E-02
    7.88758     1.3481E+00     6.3886E-01     3.8147E-02     3.0375E-01     0.0000E+00     2.2329-314    -1.7532E-02
    7.99562     1.3543E+00     6.3449E-01     5.7245E-02     2.9138E-01     0.0000E+00     2.2329-314    -1.1429E-01
    8.10367     1.3449E+00     6.4113E-01    -8.6762E-02     3.1013E-01     0.0000E+00     2.2329-314    -4.7564E-02
    8.21172     1.3338E+00     6.4917E-01    -1.0292E-01     3.3237E-01     0.0000E+00     2.2329-314     4.3225E-02
    8.31977     1.3381E+00     6.4602E-01     4.0110E-02     3.2371E-01     0.0000E+00     2.2329-314    -1.0468E-01
    8.42782     1.3291E+00     6.5264E-01    -8.3909E-02     3.4184E-01     0.0000E+00     2.2329-314    -1.7923E-02
    8.53587     1.3243E+00     6.5618E-01    -4.4237E-02     3.5140E-01     0.0000E+00     2.2329-314     2.4830E-02
