BEHD @ YYE. Sim. done on 2023-10-28   12h45
### Sim. w/ κ =    0.700 ; and ∆_0 =  2.00; T =    2.98E+05
 ## r =  1.00E-06 ; rhosty =  1.05E+03 ; rhosol =  1.00E+03
 ## k =  2.00 ; ∆_eq =  2.00 ; num_particle =      10
  Time        mass            Force z            Noise z            Noise x            Noise Θ
    0.10805        3.298672E-09       -1.000000E+00       -4.347585E-02        0.000000E+00        0.000000E+00
    0.21610        3.298672E-09       -9.629262E-01       -7.230554E-02       -0.000000E+00        0.000000E+00
    0.32415        3.298672E-09       -8.840199E-01        3.885017E-02       -0.000000E+00        0.000000E+00
    0.43220        3.298672E-09       -7.939755E-01        5.894651E-02        0.000000E+00       -0.000000E+00
    0.54024        3.298672E-09       -7.005033E-01        2.782559E-02        0.000000E+00       -0.000000E+00
    0.64829        3.298672E-09       -5.983253E-01       -3.989652E-02       -0.000000E+00       -0.000000E+00
    0.75634        3.298672E-09       -4.727920E-01        2.511584E-02       -0.000000E+00        0.000000E+00
    0.86439        3.298672E-09       -3.445910E-01       -5.119496E-02        0.000000E+00        0.000000E+00
    0.97244        3.298672E-09       -1.962590E-01       -7.594015E-02        0.000000E+00        0.000000E+00
    1.08049        3.298672E-09       -2.371148E-02       -2.177636E-02       -0.000000E+00        0.000000E+00
    1.18854        3.298672E-09        1.544440E-01        5.264986E-02        0.000000E+00       -0.000000E+00
    1.29659        3.298672E-09        3.096125E-01        7.366049E-02        0.000000E+00        0.000000E+00
    1.40464        3.298672E-09        4.237394E-01       -2.778298E-02        0.000000E+00       -0.000000E+00
    1.51269        3.298672E-09        5.285709E-01       -6.143535E-02        0.000000E+00        0.000000E+00
    1.62073        3.298672E-09        6.362609E-01       -3.439818E-02        0.000000E+00       -0.000000E+00
    1.72878        3.298672E-09        7.237524E-01       -2.304994E-03        0.000000E+00        0.000000E+00
    1.83683        3.298672E-09        7.242583E-01        2.847767E-02       -0.000000E+00       -0.000000E+00
    1.94488        3.298672E-09        5.963564E-01       -5.935975E-02       -0.000000E+00        0.000000E+00
    2.05293        3.298672E-09        5.436804E-01        4.374431E-02       -0.000000E+00        0.000000E+00
    2.16098        3.298672E-09        4.485483E-01       -4.955855E-02       -0.000000E+00        0.000000E+00
    2.26903        3.298672E-09        3.837668E-01        8.256363E-02        0.000000E+00       -0.000000E+00
    2.37708        3.298672E-09        2.790323E-01       -2.966630E-02        0.000000E+00        0.000000E+00
    2.48513        3.298672E-09        1.965893E-01        4.854969E-02        0.000000E+00        0.000000E+00
    2.59318        3.298672E-09        1.028127E-01        5.072609E-02        0.000000E+00        0.000000E+00
    2.70122        3.298672E-09        2.278615E-03       -1.003560E-01       -0.000000E+00       -0.000000E+00
    2.80927        3.298672E-09       -5.322394E-02       -4.109545E-02       -0.000000E+00       -0.000000E+00
    2.91732        3.298672E-09       -8.838521E-02        1.081632E-03       -0.000000E+00       -0.000000E+00
    3.02537        3.298672E-09       -1.175940E-01        4.462642E-02       -0.000000E+00       -0.000000E+00
    3.13342        3.298672E-09       -1.536629E-01        3.101979E-02        0.000000E+00       -0.000000E+00
    3.24147        3.298672E-09       -1.907388E-01       -6.490349E-02        0.000000E+00       -0.000000E+00
    3.34952        3.298672E-09       -1.997672E-01       -4.997225E-02       -0.000000E+00       -0.000000E+00
    3.45757        3.298672E-09       -1.872904E-01        1.437067E-02        0.000000E+00        0.000000E+00
    3.56562        3.298672E-09       -1.738348E-01        9.419170E-02        0.000000E+00       -0.000000E+00
    3.67367        3.298672E-09       -1.832178E-01        6.066305E-02       -0.000000E+00       -0.000000E+00
    3.78171        3.298672E-09       -2.036673E-01        5.024812E-02        0.000000E+00        0.000000E+00
    3.88976        3.298672E-09       -2.305753E-01        4.328333E-02       -0.000000E+00       -0.000000E+00
    3.99781        3.298672E-09       -2.605457E-01       -8.872035E-02        0.000000E+00        0.000000E+00
    4.10586        3.298672E-09       -2.550163E-01        1.180746E-01       -0.000000E+00        0.000000E+00
    4.21391        3.298672E-09       -2.754392E-01       -5.692995E-02        0.000000E+00        0.000000E+00
    4.32196        3.298672E-09       -2.698338E-01        2.238113E-02        0.000000E+00       -0.000000E+00
    4.43001        3.298672E-09       -2.625784E-01       -5.017661E-02        0.000000E+00       -0.000000E+00
    4.53806        3.298672E-09       -2.334548E-01        5.775261E-02        0.000000E+00        0.000000E+00
    4.64611        3.298672E-09       -2.153052E-01        9.894279E-02       -0.000000E+00        0.000000E+00
    4.75416        3.298672E-09       -2.200019E-01       -2.013541E-02       -0.000000E+00       -0.000000E+00
    4.86220        3.298672E-09       -2.116284E-01        4.716989E-02       -0.000000E+00       -0.000000E+00
    4.97025        3.298672E-09       -2.107103E-01        9.047561E-02        0.000000E+00       -0.000000E+00
    5.07830        3.298672E-09       -2.292547E-01        2.010846E-02       -0.000000E+00        0.000000E+00
    5.18635        3.298672E-09       -2.449563E-01        2.162023E-02       -0.000000E+00        0.000000E+00
    5.29440        3.298672E-09       -2.580152E-01       -8.266952E-02        0.000000E+00       -0.000000E+00
    5.40245        3.298672E-09       -2.386821E-01        7.040774E-03       -0.000000E+00        0.000000E+00
    5.51050        3.298672E-09       -2.151187E-01        9.555924E-02       -0.000000E+00        0.000000E+00
    5.61855        3.298672E-09       -2.137522E-01        1.703123E-02        0.000000E+00       -0.000000E+00
    5.72660        3.298672E-09       -2.106151E-01        2.549130E-04        0.000000E+00        0.000000E+00
    5.83465        3.298672E-09       -2.010892E-01        3.049773E-03        0.000000E+00        0.000000E+00
    5.94269        3.298672E-09       -1.866898E-01       -1.169485E-01        0.000000E+00        0.000000E+00
    6.05074        3.298672E-09       -1.332577E-01       -2.914042E-04       -0.000000E+00       -0.000000E+00
    6.15879        3.298672E-09       -7.840870E-02       -1.074128E-01        0.000000E+00       -0.000000E+00
    6.26684        3.298672E-09        8.626625E-03       -2.470263E-02       -0.000000E+00       -0.000000E+00
    6.37489        3.298672E-09        9.920660E-02        6.927256E-02        0.000000E+00        0.000000E+00
    6.48294        3.298672E-09        1.588397E-01        8.694755E-02        0.000000E+00        0.000000E+00
    6.59099        3.298672E-09        1.782610E-01       -6.705436E-02        0.000000E+00        0.000000E+00
    6.69904        3.298672E-09        2.132192E-01       -1.379564E-01       -0.000000E+00       -0.000000E+00
    6.80709        3.298672E-09        2.876690E-01       -4.947522E-02        0.000000E+00        0.000000E+00
    6.91514        3.298672E-09        3.652786E-01       -1.290073E-01       -0.000000E+00       -0.000000E+00
    7.02318        3.298672E-09        4.775745E-01       -1.297393E-01        0.000000E+00       -0.000000E+00
    7.13123        3.298672E-09        6.304910E-01       -7.418930E-02       -0.000000E+00       -0.000000E+00
    7.23928        3.298672E-09        8.179880E-01        3.126298E-02       -0.000000E+00        0.000000E+00
    0.10805        3.298672E-09       -1.000000E+00        4.738407E-02       -0.000000E+00       -0.000000E+00
    0.21610        3.298672E-09       -9.851376E-01        5.310777E-02        0.000000E+00        0.000000E+00
    0.32415        3.298672E-09       -9.578078E-01       -7.655618E-02       -0.000000E+00        0.000000E+00
    0.43220        3.298672E-09       -8.873441E-01       -2.842691E-02        0.000000E+00        0.000000E+00
    0.54024        3.298672E-09       -7.887272E-01       -3.521494E-02       -0.000000E+00        0.000000E+00
    0.64829        3.298672E-09       -6.633751E-01       -4.570922E-02        0.000000E+00       -0.000000E+00
    0.75634        3.298672E-09       -5.120869E-01       -2.213157E-02        0.000000E+00       -0.000000E+00
    0.86439        3.298672E-09       -3.447565E-01        4.123868E-02       -0.000000E+00        0.000000E+00
    0.97244        3.298672E-09       -1.826154E-01       -3.185882E-03        0.000000E+00       -0.000000E+00
    1.08049        3.298672E-09       -1.738376E-02        1.216786E-02       -0.000000E+00        0.000000E+00
    1.18854        3.298672E-09        1.422679E-01        3.724948E-02        0.000000E+00        0.000000E+00
    1.29659        3.298672E-09        2.828582E-01        1.346726E-02        0.000000E+00       -0.000000E+00
    1.40464        3.298672E-09        4.058438E-01       -2.599091E-02       -0.000000E+00        0.000000E+00
    1.51269        3.298672E-09        5.206565E-01        1.751961E-02        0.000000E+00        0.000000E+00
    1.62073        3.298672E-09        5.957362E-01       -2.718732E-02        0.000000E+00        0.000000E+00
    1.72878        3.298672E-09        6.423163E-01       -8.431344E-02        0.000000E+00       -0.000000E+00
    1.83683        3.298672E-09        6.974213E-01       -4.684247E-03        0.000000E+00        0.000000E+00
    1.94488        3.298672E-09        6.739003E-01       -4.952302E-02       -0.000000E+00       -0.000000E+00
    2.05293        3.298672E-09        6.450378E-01       -1.399188E-01       -0.000000E+00        0.000000E+00
    2.16098        3.298672E-09        6.910881E-01       -8.993518E-02       -0.000000E+00        0.000000E+00
    2.26903        3.298672E-09        7.506561E-01        7.710260E-02       -0.000000E+00       -0.000000E+00
    2.37708        3.298672E-09        5.553011E-01        8.356524E-02       -0.000000E+00       -0.000000E+00
    2.48513        3.298672E-09        3.990030E-01        2.983645E-02        0.000000E+00       -0.000000E+00
    2.59318        3.298672E-09        2.631608E-01       -1.365470E-01        0.000000E+00       -0.000000E+00
    2.70122        3.298672E-09        2.003368E-01        2.729998E-02       -0.000000E+00        0.000000E+00
    2.80927        3.298672E-09        1.296710E-01       -1.030612E-01        0.000000E+00        0.000000E+00
    2.91732        3.298672E-09        9.979086E-02        7.316198E-03       -0.000000E+00       -0.000000E+00
    3.02537        3.298672E-09        6.744148E-02       -5.341043E-02       -0.000000E+00       -0.000000E+00
    3.13342        3.298672E-09        5.404345E-02       -1.230276E-01        0.000000E+00       -0.000000E+00
    3.24147        3.298672E-09        8.046204E-02       -3.697394E-02        0.000000E+00       -0.000000E+00
    3.34952        3.298672E-09        1.143902E-01        2.254200E-02        0.000000E+00        0.000000E+00
    3.45757        3.298672E-09        1.340489E-01       -3.045604E-02        0.000000E+00        0.000000E+00
    3.56562        3.298672E-09        1.577481E-01        1.461224E-02        0.000000E+00        0.000000E+00
    3.67367        3.298672E-09        1.685512E-01        2.025434E-02       -0.000000E+00        0.000000E+00
    3.78171        3.298672E-09        1.650158E-01        3.565391E-02       -0.000000E+00       -0.000000E+00
    3.88976        3.298672E-09        1.433185E-01        2.115386E-02       -0.000000E+00       -0.000000E+00
    3.99781        3.298672E-09        1.116947E-01        1.936246E-02       -0.000000E+00       -0.000000E+00
    4.10586        3.298672E-09        7.332480E-02       -8.803156E-02       -0.000000E+00        0.000000E+00
    4.21391        3.298672E-09        6.600535E-02       -3.983141E-02       -0.000000E+00       -0.000000E+00
    4.32196        3.298672E-09        7.038648E-02        6.117930E-02        0.000000E+00       -0.000000E+00
    4.43001        3.298672E-09        5.191453E-02       -1.080244E-01       -0.000000E+00        0.000000E+00
    4.53806        3.298672E-09        6.892683E-02       -7.169145E-03        0.000000E+00        0.000000E+00
    4.64611        3.298672E-09        8.465094E-02       -8.360973E-02       -0.000000E+00        0.000000E+00
    4.75416        3.298672E-09        1.240591E-01        4.849129E-03        0.000000E+00        0.000000E+00
    4.86220        3.298672E-09        1.544775E-01        6.848388E-02        0.000000E+00       -0.000000E+00
    4.97025        3.298672E-09        1.528453E-01        1.071539E-02       -0.000000E+00        0.000000E+00
    5.07830        3.298672E-09        1.421771E-01        8.576146E-02        0.000000E+00       -0.000000E+00
    5.18635        3.298672E-09        9.791456E-02       -2.807551E-02        0.000000E+00       -0.000000E+00
    5.29440        3.298672E-09        6.508847E-02        1.738832E-02        0.000000E+00       -0.000000E+00
    5.40245        3.298672E-09        2.804037E-02        1.728994E-01       -0.000000E+00        0.000000E+00
    5.51050        3.298672E-09       -6.145920E-02        9.174733E-02       -0.000000E+00       -0.000000E+00
    5.61855        3.298672E-09       -1.665767E-01        1.281390E-02        0.000000E+00        0.000000E+00
    5.72660        3.298672E-09       -2.588244E-01        3.983874E-02        0.000000E+00       -0.000000E+00
    5.83465        3.298672E-09       -3.457624E-01        8.674805E-02       -0.000000E+00        0.000000E+00
    5.94269        3.298672E-09       -4.389413E-01       -4.425579E-02        0.000000E+00        0.000000E+00
    6.05074        3.298672E-09       -5.000800E-01        1.722646E-02        0.000000E+00       -0.000000E+00
    6.15879        3.298672E-09       -5.472077E-01       -9.981166E-02       -0.000000E+00       -0.000000E+00
    6.26684        3.298672E-09       -5.495621E-01       -6.397258E-02        0.000000E+00        0.000000E+00
    6.37489        3.298672E-09       -5.193622E-01       -3.916946E-02       -0.000000E+00       -0.000000E+00
    6.48294        3.298672E-09       -4.654823E-01       -6.271499E-03       -0.000000E+00        0.000000E+00
    6.59099        3.298672E-09       -3.990078E-01       -2.027980E-02        0.000000E+00        0.000000E+00
    6.69904        3.298672E-09       -3.183554E-01        5.696977E-02        0.000000E+00        0.000000E+00
    6.80709        3.298672E-09       -2.475564E-01       -6.500609E-02        0.000000E+00        0.000000E+00
    6.91514        3.298672E-09       -1.540352E-01        6.966065E-02       -0.000000E+00       -0.000000E+00
    7.02318        3.298672E-09       -8.013144E-02        2.274343E-02       -0.000000E+00       -0.000000E+00
    7.13123        3.298672E-09       -1.420675E-02        1.076885E-01        0.000000E+00        0.000000E+00
    7.23928        3.298672E-09        1.478650E-02        1.747227E-01        0.000000E+00        0.000000E+00
    7.34733        3.298672E-09       -1.446234E-02        4.251469E-02        0.000000E+00       -0.000000E+00
    7.45538        3.298672E-09       -5.354317E-02        4.501385E-02       -0.000000E+00        0.000000E+00
    7.56343        3.298672E-09       -1.007479E-01        1.569294E-01        0.000000E+00        0.000000E+00
    7.67148        3.298672E-09       -1.873277E-01       -2.169657E-02        0.000000E+00       -0.000000E+00
    7.77953        3.298672E-09       -2.530517E-01        1.680819E-02        0.000000E+00       -0.000000E+00
    7.88758        3.298672E-09       -3.100048E-01        4.526461E-02       -0.000000E+00       -0.000000E+00
    7.99562        3.298672E-09       -3.656143E-01       -2.040311E-03        0.000000E+00       -0.000000E+00
    8.10367        3.298672E-09       -4.055497E-01        8.359275E-03        0.000000E+00        0.000000E+00
    8.21172        3.298672E-09       -4.330051E-01        6.168784E-02        0.000000E+00       -0.000000E+00
    8.31977        3.298672E-09       -4.626010E-01        1.237445E-01        0.000000E+00        0.000000E+00
    8.42782        3.298672E-09       -5.099489E-01        7.988804E-03        0.000000E+00       -0.000000E+00
    8.53587        3.298672E-09       -5.416673E-01        2.733896E-02       -0.000000E+00        0.000000E+00
    0.10805        3.298672E-09       -1.000000E+00       -7.126783E-02        0.000000E+00       -0.000000E+00
    0.21610        3.298672E-09       -9.561323E-01        4.508090E-02        0.000000E+00       -0.000000E+00
    0.32415        3.298672E-09       -8.996725E-01        8.115493E-02        0.000000E+00        0.000000E+00
    0.43220        3.298672E-09       -8.414362E-01       -1.467132E-02       -0.000000E+00        0.000000E+00
    0.54024        3.298672E-09       -7.591692E-01       -2.295679E-03       -0.000000E+00        0.000000E+00
    0.64829        3.298672E-09       -6.587462E-01        5.213434E-02       -0.000000E+00        0.000000E+00
    0.75634        3.298672E-09       -5.571372E-01       -6.597571E-03       -0.000000E+00       -0.000000E+00
    0.86439        3.298672E-09       -4.418573E-01        2.687586E-02        0.000000E+00        0.000000E+00
    0.97244        3.298672E-09       -3.251141E-01        6.506654E-02        0.000000E+00        0.000000E+00
    1.08049        3.298672E-09       -2.208783E-01       -9.138719E-03        0.000000E+00        0.000000E+00
    1.18854        3.298672E-09       -1.112604E-01        1.776435E-03        0.000000E+00        0.000000E+00
    1.29659        3.298672E-09       -2.695543E-03       -4.426438E-02       -0.000000E+00        0.000000E+00
    1.40464        3.298672E-09        1.159141E-01        3.811616E-02        0.000000E+00       -0.000000E+00
    1.51269        3.298672E-09        2.137655E-01        1.395327E-01       -0.000000E+00        0.000000E+00
    1.62073        3.298672E-09        2.480929E-01       -5.048422E-02       -0.000000E+00       -0.000000E+00
    1.72878        3.298672E-09        2.886827E-01       -5.212016E-02        0.000000E+00        0.000000E+00
    1.83683        3.298672E-09        3.343497E-01       -5.359231E-02        0.000000E+00        0.000000E+00
    1.94488        3.298672E-09        3.837141E-01       -1.107364E-01        0.000000E+00       -0.000000E+00
    2.05293        3.298672E-09        4.599443E-01        5.666788E-03       -0.000000E+00        0.000000E+00
    2.16098        3.298672E-09        5.045990E-01        1.315877E-01       -0.000000E+00        0.000000E+00
    2.26903        3.298672E-09        4.434708E-01       -5.506213E-02       -0.000000E+00       -0.000000E+00
    2.37708        3.298672E-09        4.021906E-01       -3.435075E-02        0.000000E+00        0.000000E+00
    2.48513        3.298672E-09        3.659320E-01       -2.563616E-02       -0.000000E+00       -0.000000E+00
    2.59318        3.298672E-09        3.309142E-01       -2.230020E-02       -0.000000E+00       -0.000000E+00
    2.70122        3.298672E-09        2.967798E-01       -3.408330E-02       -0.000000E+00        0.000000E+00
    2.80927        3.298672E-09        2.692902E-01        1.835617E-02        0.000000E+00        0.000000E+00
    2.91732        3.298672E-09        2.278428E-01        2.675981E-02        0.000000E+00       -0.000000E+00
    3.02537        3.298672E-09        1.736577E-01       -3.286888E-02        0.000000E+00        0.000000E+00
    3.13342        3.298672E-09        1.323994E-01        9.315136E-02       -0.000000E+00        0.000000E+00
    3.24147        3.298672E-09        5.957717E-02        1.057140E-02        0.000000E+00       -0.000000E+00
    3.34952        3.298672E-09       -9.284180E-03       -3.585838E-02       -0.000000E+00       -0.000000E+00
    3.45757        3.298672E-09       -5.844005E-02       -2.937046E-03        0.000000E+00        0.000000E+00
    3.56562        3.298672E-09       -9.965394E-02        4.826078E-02       -0.000000E+00        0.000000E+00
    3.67367        3.298672E-09       -1.481899E-01        8.281342E-02        0.000000E+00        0.000000E+00
    3.78171        3.298672E-09       -2.119170E-01       -2.981013E-02       -0.000000E+00       -0.000000E+00
    3.88976        3.298672E-09       -2.546438E-01       -2.438760E-02       -0.000000E+00        0.000000E+00
    3.99781        3.298672E-09       -2.791126E-01        9.163893E-03       -0.000000E+00        0.000000E+00
    4.10586        3.298672E-09       -2.957688E-01       -6.433309E-03       -0.000000E+00       -0.000000E+00
    4.21391        3.298672E-09       -3.003977E-01       -6.212529E-03        0.000000E+00        0.000000E+00
    4.32196        3.298672E-09       -2.937995E-01       -3.048615E-02       -0.000000E+00       -0.000000E+00
    4.43001        3.298672E-09       -2.700843E-01        6.668633E-03        0.000000E+00       -0.000000E+00
    4.53806        3.298672E-09       -2.413577E-01        3.399227E-02        0.000000E+00       -0.000000E+00
    4.64611        3.298672E-09       -2.165316E-01        7.840246E-03        0.000000E+00       -0.000000E+00
    4.75416        3.298672E-09       -1.886841E-01       -2.954343E-02       -0.000000E+00        0.000000E+00
    4.86220        3.298672E-09       -1.479727E-01       -4.879201E-02       -0.000000E+00       -0.000000E+00
    4.97025        3.298672E-09       -9.049461E-02        1.828187E-02       -0.000000E+00       -0.000000E+00
    5.07830        3.298672E-09       -3.876159E-02        5.990942E-02       -0.000000E+00        0.000000E+00
    5.18635        3.298672E-09       -7.349490E-03        8.167784E-02       -0.000000E+00       -0.000000E+00
    5.29440        3.298672E-09       -3.516834E-03        1.025182E-02        0.000000E+00       -0.000000E+00
    5.40245        3.298672E-09       -2.930191E-03        5.568406E-02       -0.000000E+00        0.000000E+00
    5.51050        3.298672E-09       -1.970063E-02        5.958905E-02       -0.000000E+00       -0.000000E+00
    5.61855        3.298672E-09       -5.275338E-02       -2.489982E-02       -0.000000E+00        0.000000E+00
    5.72660        3.298672E-09       -7.307556E-02        8.539298E-02        0.000000E+00        0.000000E+00
    5.83465        3.298672E-09       -1.150990E-01        4.590515E-02       -0.000000E+00        0.000000E+00
    5.94269        3.298672E-09       -1.631457E-01       -1.470324E-01       -0.000000E+00        0.000000E+00
    6.05074        3.298672E-09       -1.584469E-01        6.079521E-04        0.000000E+00        0.000000E+00
    6.15879        3.298672E-09       -1.490975E-01        1.849306E-02        0.000000E+00        0.000000E+00
    6.26684        3.298672E-09       -1.409830E-01       -7.639010E-02       -0.000000E+00       -0.000000E+00
    6.37489        3.298672E-09       -1.061793E-01       -5.070913E-03        0.000000E+00       -0.000000E+00
    6.48294        3.298672E-09       -6.852531E-02        3.829088E-02        0.000000E+00       -0.000000E+00
    6.59099        3.298672E-09       -4.264260E-02        1.107060E-01       -0.000000E+00       -0.000000E+00
    6.69904        3.298672E-09       -5.130877E-02       -3.382097E-02        0.000000E+00        0.000000E+00
    6.80709        3.298672E-09       -4.692310E-02        7.666666E-02        0.000000E+00       -0.000000E+00
    6.91514        3.298672E-09       -6.484004E-02        5.886448E-02       -0.000000E+00       -0.000000E+00
    7.02318        3.298672E-09       -9.690646E-02        5.611200E-03       -0.000000E+00        0.000000E+00
    7.13123        3.298672E-09       -1.244692E-01       -2.765369E-03       -0.000000E+00        0.000000E+00
    7.23928        3.298672E-09       -1.446860E-01        4.086357E-02        0.000000E+00       -0.000000E+00
    7.34733        3.298672E-09       -1.705738E-01        3.278508E-02        0.000000E+00        0.000000E+00
    7.45538        3.298672E-09       -1.984231E-01       -3.682592E-02       -0.000000E+00       -0.000000E+00
    7.56343        3.298672E-09       -2.070505E-01        1.633372E-01        0.000000E+00       -0.000000E+00
    7.67148        3.298672E-09       -2.556122E-01       -5.067572E-02        0.000000E+00        0.000000E+00
    7.77953        3.298672E-09       -2.778923E-01        5.534420E-02       -0.000000E+00       -0.000000E+00
    7.88758        3.298672E-09       -3.055747E-01       -4.849423E-02       -0.000000E+00       -0.000000E+00
    7.99562        3.298672E-09       -3.083876E-01       -6.432322E-02        0.000000E+00        0.000000E+00
    8.10367        3.298672E-09       -2.836725E-01       -2.353259E-02        0.000000E+00       -0.000000E+00
    8.21172        3.298672E-09       -2.451131E-01        2.466201E-02        0.000000E+00       -0.000000E+00
    8.31977        3.298672E-09       -2.081708E-01       -1.991521E-02        0.000000E+00        0.000000E+00
    8.42782        3.298672E-09       -1.610943E-01        4.319205E-02       -0.000000E+00       -0.000000E+00
    8.53587        3.298672E-09       -1.242324E-01        2.059773E-02       -0.000000E+00        0.000000E+00
    0.10805        3.298672E-09       -1.000000E+00       -4.526699E-02       -0.000000E+00        0.000000E+00
    0.21610        3.298672E-09       -9.624884E-01        1.637355E-02        0.000000E+00       -0.000000E+00
    0.32415        3.298672E-09       -9.049440E-01        5.946500E-02        0.000000E+00       -0.000000E+00
    0.43220        3.298672E-09       -8.401527E-01       -6.230615E-02        0.000000E+00        0.000000E+00
    0.54024        3.298672E-09       -7.396943E-01        2.831724E-02        0.000000E+00       -0.000000E+00
    0.64829        3.298672E-09       -6.297932E-01        1.590744E-02        0.000000E+00        0.000000E+00
    0.75634        3.298672E-09       -5.103630E-01        1.092769E-01       -0.000000E+00       -0.000000E+00
    0.86439        3.298672E-09       -4.094288E-01        4.550323E-02       -0.000000E+00        0.000000E+00
    0.97244        3.298672E-09       -3.127730E-01       -1.143656E-02        0.000000E+00        0.000000E+00
    1.08049        3.298672E-09       -2.074482E-01        1.443448E-01       -0.000000E+00        0.000000E+00
    1.18854        3.298672E-09       -1.414269E-01        3.438373E-02        0.000000E+00        0.000000E+00
    1.29659        3.298672E-09       -8.444836E-02        4.714703E-02       -0.000000E+00        0.000000E+00
    1.40464        3.298672E-09       -4.217374E-02       -9.140391E-02        0.000000E+00       -0.000000E+00
    1.51269        3.298672E-09        2.722741E-02        4.004539E-02       -0.000000E+00       -0.000000E+00
    1.62073        3.298672E-09        7.907810E-02       -9.940141E-02       -0.000000E+00        0.000000E+00
    1.72878        3.298672E-09        1.578240E-01        1.059043E-01       -0.000000E+00        0.000000E+00
    1.83683        3.298672E-09        1.894246E-01        1.123996E-01        0.000000E+00        0.000000E+00
    1.94488        3.298672E-09        1.708483E-01        2.415234E-02       -0.000000E+00       -0.000000E+00
    2.05293        3.298672E-09        1.396764E-01        1.279706E-01        0.000000E+00       -0.000000E+00
    2.16098        3.298672E-09        6.304088E-02       -5.148577E-02        0.000000E+00        0.000000E+00
    2.26903        3.298672E-09        1.129518E-02       -4.001089E-02        0.000000E+00        0.000000E+00
    2.37708        3.298672E-09       -2.218464E-02       -8.981651E-02       -0.000000E+00        0.000000E+00
    2.48513        3.298672E-09       -2.333488E-02        3.322425E-05        0.000000E+00       -0.000000E+00
    2.59318        3.298672E-09       -2.342272E-02        2.425801E-02       -0.000000E+00        0.000000E+00
    2.70122        3.298672E-09       -3.011109E-02        2.873066E-02       -0.000000E+00        0.000000E+00
    2.80927        3.298672E-09       -4.397871E-02       -1.488799E-02       -0.000000E+00        0.000000E+00
    2.91732        3.298672E-09       -5.037117E-02       -3.247160E-02        0.000000E+00       -0.000000E+00
    3.02537        3.298672E-09       -4.435231E-02        1.677332E-02       -0.000000E+00       -0.000000E+00
    3.13342        3.298672E-09       -4.234486E-02        3.073739E-02        0.000000E+00       -0.000000E+00
    3.24147        3.298672E-09       -4.842672E-02       -9.448407E-02        0.000000E+00       -0.000000E+00
    3.34952        3.298672E-09       -2.302610E-02       -4.251739E-02       -0.000000E+00       -0.000000E+00
    3.45757        3.298672E-09        1.476875E-02       -3.141497E-02       -0.000000E+00       -0.000000E+00
    3.56562        3.298672E-09        5.962017E-02        3.534297E-02       -0.000000E+00       -0.000000E+00
    3.67367        3.298672E-09        8.787642E-02        2.974214E-02        0.000000E+00       -0.000000E+00
    3.78171        3.298672E-09        1.010272E-01        9.740445E-04        0.000000E+00        0.000000E+00
    3.88976        3.298672E-09        1.092624E-01       -6.061887E-02       -0.000000E+00        0.000000E+00
    3.99781        3.298672E-09        1.335227E-01       -4.365036E-02        0.000000E+00        0.000000E+00
    4.10586        3.298672E-09        1.660399E-01        4.081983E-03        0.000000E+00       -0.000000E+00
    4.21391        3.298672E-09        1.883650E-01        3.875691E-02       -0.000000E+00       -0.000000E+00
    4.32196        3.298672E-09        1.877217E-01       -2.257215E-02        0.000000E+00       -0.000000E+00
    4.43001        3.298672E-09        1.883109E-01       -4.803003E-02        0.000000E+00       -0.000000E+00
    4.53806        3.298672E-09        1.991226E-01        1.133660E-01        0.000000E+00       -0.000000E+00
    4.64611        3.298672E-09        1.602958E-01       -8.355983E-02        0.000000E+00       -0.000000E+00
    4.75416        3.298672E-09        1.500103E-01       -9.577763E-03       -0.000000E+00        0.000000E+00
    4.86220        3.298672E-09        1.388341E-01        2.632422E-02       -0.000000E+00       -0.000000E+00
    4.97025        3.298672E-09        1.148686E-01        5.853394E-02        0.000000E+00        0.000000E+00
    5.07830        3.298672E-09        6.973812E-02        2.008980E-02       -0.000000E+00        0.000000E+00
    5.18635        3.298672E-09        2.095661E-02        6.122303E-03        0.000000E+00       -0.000000E+00
    5.29440        3.298672E-09       -2.492497E-02       -6.814637E-02        0.000000E+00       -0.000000E+00
    5.40245        3.298672E-09       -4.376058E-02       -3.300482E-02        0.000000E+00       -0.000000E+00
    5.51050        3.298672E-09       -4.904559E-02       -5.357969E-02        0.000000E+00       -0.000000E+00
    5.61855        3.298672E-09       -3.553412E-02        4.248775E-02        0.000000E+00       -0.000000E+00
    5.72660        3.298672E-09       -3.490241E-02       -1.284085E-01        0.000000E+00       -0.000000E+00
    5.83465        3.298672E-09        6.953183E-03        2.947823E-04        0.000000E+00       -0.000000E+00
    5.94269        3.298672E-09        4.581656E-02        1.091426E-01       -0.000000E+00       -0.000000E+00
    6.05074        3.298672E-09        4.502632E-02        3.327930E-02       -0.000000E+00       -0.000000E+00
    6.15879        3.298672E-09        3.214003E-02       -1.624016E-02        0.000000E+00        0.000000E+00
    6.26684        3.298672E-09        2.481212E-02       -3.435582E-02       -0.000000E+00        0.000000E+00
    6.37489        3.298672E-09        2.853785E-02        7.256630E-02        0.000000E+00        0.000000E+00
    6.48294        3.298672E-09        7.813940E-03        3.529724E-02        0.000000E+00       -0.000000E+00
    6.59099        3.298672E-09       -2.221023E-02       -2.455906E-02        0.000000E+00       -0.000000E+00
    6.69904        3.298672E-09       -4.070754E-02        3.113579E-02        0.000000E+00        0.000000E+00
    6.80709        3.298672E-09       -6.564802E-02       -4.501835E-02        0.000000E+00       -0.000000E+00
    6.91514        3.298672E-09       -7.221200E-02        6.228623E-02       -0.000000E+00       -0.000000E+00
    7.02318        3.298672E-09       -9.470130E-02        2.585270E-02       -0.000000E+00       -0.000000E+00
    7.13123        3.298672E-09       -1.198058E-01       -8.291179E-02        0.000000E+00       -0.000000E+00
    7.23928        3.298672E-09       -1.139752E-01       -1.007716E-01       -0.000000E+00       -0.000000E+00
    7.34733        3.298672E-09       -7.455312E-02        1.383124E-02        0.000000E+00       -0.000000E+00
    7.45538        3.298672E-09       -3.929933E-02       -3.505835E-02       -0.000000E+00       -0.000000E+00
    7.56343        3.298672E-09        5.906580E-03       -1.741791E-01        0.000000E+00        0.000000E+00
    7.67148        3.298672E-09        1.034196E-01       -4.259698E-02       -0.000000E+00       -0.000000E+00
    7.77953        3.298672E-09        2.075070E-01        6.232818E-03       -0.000000E+00       -0.000000E+00
    7.88758        3.298672E-09        2.974706E-01        2.328583E-02       -0.000000E+00        0.000000E+00
    7.99562        3.298672E-09        3.615185E-01       -5.154085E-02        0.000000E+00       -0.000000E+00
    8.10367        3.298672E-09        4.268087E-01       -2.579171E-02       -0.000000E+00       -0.000000E+00
    8.21172        3.298672E-09        4.782991E-01       -3.790477E-02       -0.000000E+00       -0.000000E+00
    8.31977        3.298672E-09        5.185017E-01        5.805265E-02       -0.000000E+00        0.000000E+00
    8.42782        3.298672E-09        4.905702E-01       -7.086234E-02       -0.000000E+00        0.000000E+00
    8.53587        3.298672E-09        4.799188E-01        1.317492E-01       -0.000000E+00       -0.000000E+00
    0.10805        3.298672E-09       -1.000000E+00        9.851154E-02        0.000000E+00       -0.000000E+00
    0.21610        3.298672E-09       -9.976361E-01        8.479595E-02       -0.000000E+00        0.000000E+00
    0.32415        3.298672E-09       -9.897180E-01        2.003820E-02        0.000000E+00        0.000000E+00
    0.43220        3.298672E-09       -9.608365E-01       -1.638185E-02       -0.000000E+00       -0.000000E+00
    0.54024        3.298672E-09       -9.035936E-01       -2.022401E-02        0.000000E+00        0.000000E+00
    0.64829        3.298672E-09       -8.194181E-01        5.972326E-02        0.000000E+00       -0.000000E+00
    0.75634        3.298672E-09       -7.311612E-01       -2.579167E-02       -0.000000E+00        0.000000E+00
    0.86439        3.298672E-09       -6.196547E-01        6.195222E-02       -0.000000E+00        0.000000E+00
    0.97244        3.298672E-09       -5.108261E-01       -6.481250E-02        0.000000E+00       -0.000000E+00
    1.08049        3.298672E-09       -3.742537E-01       -3.565848E-02        0.000000E+00        0.000000E+00
    1.18854        3.298672E-09       -2.211711E-01        4.751996E-02        0.000000E+00        0.000000E+00
    1.29659        3.298672E-09       -7.880731E-02       -1.633645E-03       -0.000000E+00        0.000000E+00
    1.40464        3.298672E-09        6.299346E-02        3.118798E-03       -0.000000E+00       -0.000000E+00
    1.51269        3.298672E-09        1.986485E-01        3.616400E-02        0.000000E+00       -0.000000E+00
    1.62073        3.298672E-09        3.113984E-01       -5.407809E-04       -0.000000E+00       -0.000000E+00
    1.72878        3.298672E-09        4.081983E-01        4.035440E-02        0.000000E+00       -0.000000E+00
    1.83683        3.298672E-09        4.633176E-01       -7.699226E-02        0.000000E+00        0.000000E+00
    1.94488        3.298672E-09        5.278216E-01       -1.153557E-01        0.000000E+00        0.000000E+00
    2.05293        3.298672E-09        6.218423E-01       -8.147046E-02       -0.000000E+00       -0.000000E+00
    2.16098        3.298672E-09        7.286328E-01        4.437015E-02        0.000000E+00        0.000000E+00
    2.26903        3.298672E-09        6.954363E-01        6.518349E-02       -0.000000E+00       -0.000000E+00
    2.37708        3.298672E-09        5.385163E-01       -4.873731E-03        0.000000E+00       -0.000000E+00
    2.48513        3.298672E-09        4.343888E-01        3.631251E-02        0.000000E+00       -0.000000E+00
    2.59318        3.298672E-09        3.228650E-01       -5.721674E-03       -0.000000E+00        0.000000E+00
    2.70122        3.298672E-09        2.263778E-01        1.262809E-01        0.000000E+00        0.000000E+00
    2.80927        3.298672E-09        9.203324E-02        6.115188E-03       -0.000000E+00       -0.000000E+00
    2.91732        3.298672E-09       -2.508296E-02       -1.007582E-01       -0.000000E+00       -0.000000E+00
    3.02537        3.298672E-09       -9.418531E-02        1.105730E-01        0.000000E+00        0.000000E+00
    3.13342        3.298672E-09       -1.863237E-01       -2.665898E-02        0.000000E+00        0.000000E+00
    3.24147        3.298672E-09       -2.554756E-01       -1.623248E-02       -0.000000E+00        0.000000E+00
    3.34952        3.298672E-09       -3.060634E-01        1.549279E-02        0.000000E+00       -0.000000E+00
    3.45757        3.298672E-09       -3.476883E-01       -9.413525E-02        0.000000E+00        0.000000E+00
    3.56562        3.298672E-09       -3.498546E-01       -6.070331E-02        0.000000E+00        0.000000E+00
    3.67367        3.298672E-09       -3.246452E-01        1.467707E-02       -0.000000E+00       -0.000000E+00
    3.78171        3.298672E-09       -2.951563E-01       -6.074396E-02        0.000000E+00        0.000000E+00
    3.88976        3.298672E-09       -2.413482E-01        1.903342E-02        0.000000E+00       -0.000000E+00
    3.99781        3.298672E-09       -1.883369E-01       -3.937033E-02        0.000000E+00        0.000000E+00
    4.10586        3.298672E-09       -1.208150E-01       -2.084005E-03        0.000000E+00       -0.000000E+00
    4.21391        3.298672E-09       -5.223355E-02        4.005065E-02        0.000000E+00        0.000000E+00
    4.32196        3.298672E-09        2.149892E-03       -4.948568E-02        0.000000E+00       -0.000000E+00
    4.43001        3.298672E-09        6.893940E-02       -6.963830E-02        0.000000E+00        0.000000E+00
    4.53806        3.298672E-09        1.525020E-01        9.225102E-02        0.000000E+00        0.000000E+00
    4.64611        3.298672E-09        1.940440E-01       -4.495093E-03        0.000000E+00       -0.000000E+00
    4.75416        3.298672E-09        2.266324E-01       -1.645822E-01       -0.000000E+00       -0.000000E+00
    4.86220        3.298672E-09        3.086920E-01        2.311881E-02        0.000000E+00       -0.000000E+00
    4.97025        3.298672E-09        3.639635E-01       -4.433703E-02       -0.000000E+00       -0.000000E+00
    5.07830        3.298672E-09        4.174109E-01        2.134016E-02        0.000000E+00       -0.000000E+00
    5.18635        3.298672E-09        4.358244E-01        1.309080E-01        0.000000E+00       -0.000000E+00
    5.29440        3.298672E-09        3.670858E-01        4.997703E-02        0.000000E+00        0.000000E+00
    5.40245        3.298672E-09        2.750803E-01       -6.486315E-02       -0.000000E+00       -0.000000E+00
    5.51050        3.298672E-09        2.154271E-01       -7.007971E-02       -0.000000E+00        0.000000E+00
    5.61855        3.298672E-09        1.825356E-01        7.380920E-02       -0.000000E+00       -0.000000E+00
    5.72660        3.298672E-09        1.207609E-01        2.184113E-02       -0.000000E+00        0.000000E+00
    5.83465        3.298672E-09        5.560877E-02        8.745555E-02        0.000000E+00       -0.000000E+00
    5.94269        3.298672E-09       -3.183720E-02        5.465579E-02        0.000000E+00       -0.000000E+00
    6.05074        3.298672E-09       -1.246396E-01        1.409893E-02        0.000000E+00        0.000000E+00
    6.15879        3.298672E-09       -2.074652E-01       -2.945759E-02        0.000000E+00       -0.000000E+00
    6.26684        3.298672E-09       -2.673020E-01        1.421931E-02       -0.000000E+00        0.000000E+00
    6.37489        3.298672E-09       -3.178908E-01       -2.795161E-02       -0.000000E+00        0.000000E+00
    6.48294        3.298672E-09       -3.471375E-01       -4.161981E-02        0.000000E+00       -0.000000E+00
    6.59099        3.298672E-09       -3.524091E-01       -1.570511E-02       -0.000000E+00        0.000000E+00
    6.69904        3.298672E-09       -3.424386E-01        8.889051E-02       -0.000000E+00        0.000000E+00
    6.80709        3.298672E-09       -3.473197E-01        3.125511E-02        0.000000E+00       -0.000000E+00
    6.91514        3.298672E-09       -3.500628E-01        3.918526E-02        0.000000E+00       -0.000000E+00
    7.02318        3.298672E-09       -3.529136E-01       -6.823318E-02       -0.000000E+00       -0.000000E+00
    7.13123        3.298672E-09       -3.262047E-01       -2.247669E-02        0.000000E+00       -0.000000E+00
    7.23928        3.298672E-09       -2.849397E-01       -4.984279E-02       -0.000000E+00       -0.000000E+00
    7.34733        3.298672E-09       -2.232274E-01       -2.522277E-02       -0.000000E+00        0.000000E+00
    7.45538        3.298672E-09       -1.504798E-01       -4.396702E-02       -0.000000E+00        0.000000E+00
    7.56343        3.298672E-09       -6.353546E-02        5.658414E-02        0.000000E+00       -0.000000E+00
    7.67148        3.298672E-09        4.199037E-03        2.615687E-02       -0.000000E+00        0.000000E+00
    7.77953        3.298672E-09        5.983539E-02        1.892089E-02       -0.000000E+00       -0.000000E+00
    7.88758        3.298672E-09        1.037913E-01       -1.964697E-02       -0.000000E+00        0.000000E+00
    7.99562        3.298672E-09        1.476484E-01        6.229702E-02       -0.000000E+00       -0.000000E+00
    8.10367        3.298672E-09        1.612541E-01       -2.200709E-02       -0.000000E+00        0.000000E+00
    8.21172        3.298672E-09        1.754849E-01       -1.439766E-02        0.000000E+00        0.000000E+00
    8.31977        3.298672E-09        1.870439E-01        9.206275E-02       -0.000000E+00        0.000000E+00
    8.42782        3.298672E-09        1.575010E-01       -6.079439E-02        0.000000E+00        0.000000E+00
    8.53587        3.298672E-09        1.472031E-01       -1.197851E-02        0.000000E+00       -0.000000E+00
    0.10805        3.298672E-09       -1.000000E+00       -2.500542E-02       -0.000000E+00       -0.000000E+00
    0.21610        3.298672E-09       -9.674415E-01       -4.178403E-02        0.000000E+00        0.000000E+00
    0.32415        3.298672E-09       -9.002729E-01       -4.687403E-02        0.000000E+00       -0.000000E+00
    0.43220        3.298672E-09       -7.999783E-01       -2.193192E-02       -0.000000E+00        0.000000E+00
    0.54024        3.298672E-09       -6.760574E-01       -2.337237E-02       -0.000000E+00       -0.000000E+00
    0.64829        3.298672E-09       -5.316051E-01        8.997836E-02        0.000000E+00       -0.000000E+00
    0.75634        3.298672E-09       -4.001449E-01       -9.678432E-02       -0.000000E+00       -0.000000E+00
    0.86439        3.298672E-09       -2.349400E-01       -1.062730E-02       -0.000000E+00        0.000000E+00
    0.97244        3.298672E-09       -6.318451E-02       -4.643693E-02        0.000000E+00       -0.000000E+00
    1.08049        3.298672E-09        1.224735E-01        1.122877E-02        0.000000E+00        0.000000E+00
    1.18854        3.298672E-09        3.011584E-01        7.972108E-02       -0.000000E+00        0.000000E+00
    1.29659        3.298672E-09        4.408399E-01        1.989550E-02        0.000000E+00        0.000000E+00
    1.40464        3.298672E-09        5.518924E-01        1.588606E-02       -0.000000E+00        0.000000E+00
    1.51269        3.298672E-09        6.193318E-01       -5.656596E-02        0.000000E+00       -0.000000E+00
    1.62073        3.298672E-09        6.758890E-01        4.053847E-02        0.000000E+00       -0.000000E+00
    1.72878        3.298672E-09        6.203124E-01        1.308364E-01       -0.000000E+00       -0.000000E+00
    1.83683        3.298672E-09        4.435670E-01        6.406225E-02        0.000000E+00        0.000000E+00
    1.94488        3.298672E-09        2.858738E-01        1.883472E-02        0.000000E+00       -0.000000E+00
    2.05293        3.298672E-09        1.497800E-01        4.347499E-02        0.000000E+00        0.000000E+00
    2.16098        3.298672E-09        1.828320E-02        4.495181E-02        0.000000E+00       -0.000000E+00
    2.26903        3.298672E-09       -1.086663E-01        1.247492E-01       -0.000000E+00       -0.000000E+00
    2.37708        3.298672E-09       -2.539071E-01       -1.818114E-02       -0.000000E+00        0.000000E+00
    2.48513        3.298672E-09       -3.704498E-01       -2.350367E-02        0.000000E+00        0.000000E+00
    2.59318        3.298672E-09       -4.591791E-01       -3.838706E-02       -0.000000E+00       -0.000000E+00
    2.70122        3.298672E-09       -5.175273E-01       -1.799333E-02       -0.000000E+00       -0.000000E+00
    2.80927        3.298672E-09       -5.523775E-01        8.390284E-02        0.000000E+00       -0.000000E+00
    2.91732        3.298672E-09       -5.913797E-01        1.273978E-02       -0.000000E+00       -0.000000E+00
    3.02537        3.298672E-09       -6.146670E-01        1.598661E-02        0.000000E+00       -0.000000E+00
    3.13342        3.298672E-09       -6.235165E-01        5.137000E-02       -0.000000E+00       -0.000000E+00
    3.24147        3.298672E-09       -6.276929E-01        1.064000E-01        0.000000E+00        0.000000E+00
    3.34952        3.298672E-09       -6.415536E-01       -6.567553E-02       -0.000000E+00       -0.000000E+00
    3.45757        3.298672E-09       -6.198285E-01        9.999439E-03        0.000000E+00       -0.000000E+00
    3.56562        3.298672E-09       -5.843920E-01        3.021565E-03       -0.000000E+00        0.000000E+00
    3.67367        3.298672E-09       -5.349583E-01       -4.238834E-02        0.000000E+00        0.000000E+00
    3.78171        3.298672E-09       -4.614409E-01       -3.619070E-02        0.000000E+00       -0.000000E+00
    3.88976        3.298672E-09       -3.681010E-01       -7.411076E-03       -0.000000E+00       -0.000000E+00
    3.99781        3.298672E-09       -2.656458E-01        6.446413E-02        0.000000E+00        0.000000E+00
    4.10586        3.298672E-09       -1.773619E-01       -8.356218E-02        0.000000E+00       -0.000000E+00
    4.21391        3.298672E-09       -6.298680E-02        7.468824E-02       -0.000000E+00        0.000000E+00
    4.32196        3.298672E-09        2.650048E-02       -5.535318E-02       -0.000000E+00       -0.000000E+00
    4.43001        3.298672E-09        1.288097E-01        2.396446E-02        0.000000E+00        0.000000E+00
    4.53806        3.298672E-09        2.141998E-01        9.087687E-03       -0.000000E+00       -0.000000E+00
    4.64611        3.298672E-09        2.837144E-01        9.539306E-02        0.000000E+00       -0.000000E+00
    4.75416        3.298672E-09        2.996673E-01        1.986259E-02       -0.000000E+00        0.000000E+00
    4.86220        3.298672E-09        2.934557E-01        2.745480E-02       -0.000000E+00       -0.000000E+00
    4.97025        3.298672E-09        2.650857E-01        1.543931E-02       -0.000000E+00        0.000000E+00
    5.07830        3.298672E-09        2.242437E-01       -1.018145E-01        0.000000E+00        0.000000E+00
    5.18635        3.298672E-09        2.183623E-01       -1.221417E-01        0.000000E+00       -0.000000E+00
    5.29440        3.298672E-09        2.498647E-01       -1.364071E-01       -0.000000E+00       -0.000000E+00
    5.40245        3.298672E-09        3.203606E-01        1.168408E-01        0.000000E+00       -0.000000E+00
    5.51050        3.298672E-09        3.248231E-01        9.589336E-02       -0.000000E+00        0.000000E+00
    5.61855        3.298672E-09        2.754349E-01       -7.155463E-02        0.000000E+00       -0.000000E+00
    5.72660        3.298672E-09        2.508297E-01       -1.066430E-01       -0.000000E+00        0.000000E+00
    5.83465        3.298672E-09        2.602234E-01       -3.243134E-03        0.000000E+00        0.000000E+00
    5.94269        3.298672E-09        2.594673E-01       -1.968861E-02       -0.000000E+00        0.000000E+00
    6.05074        3.298672E-09        2.560412E-01       -3.035185E-02       -0.000000E+00       -0.000000E+00
    6.15879        3.298672E-09        2.544877E-01        9.490218E-03       -0.000000E+00        0.000000E+00
    6.26684        3.298672E-09        2.394508E-01       -3.291917E-02        0.000000E+00        0.000000E+00
    6.37489        3.298672E-09        2.293790E-01        6.711992E-02       -0.000000E+00        0.000000E+00
    6.48294        3.298672E-09        1.867135E-01       -5.615388E-02        0.000000E+00        0.000000E+00
    6.59099        3.298672E-09        1.630781E-01       -8.311344E-02       -0.000000E+00       -0.000000E+00
    6.69904        3.298672E-09        1.656228E-01        7.475013E-02       -0.000000E+00       -0.000000E+00
    6.80709        3.298672E-09        1.355449E-01        9.128661E-02       -0.000000E+00       -0.000000E+00
    6.91514        3.298672E-09        7.278165E-02       -4.671333E-02        0.000000E+00       -0.000000E+00
    7.02318        3.298672E-09        3.094713E-02       -4.872873E-03        0.000000E+00        0.000000E+00
    7.13123        3.298672E-09       -5.643512E-03       -5.916965E-02       -0.000000E+00        0.000000E+00
    7.23928        3.298672E-09       -1.945804E-02        1.067853E-01        0.000000E+00       -0.000000E+00
    7.34733        3.298672E-09       -6.464250E-02        1.542911E-02        0.000000E+00        0.000000E+00
    7.45538        3.298672E-09       -1.078168E-01       -4.474649E-02        0.000000E+00        0.000000E+00
    7.56343        3.298672E-09       -1.298951E-01        9.653393E-04        0.000000E+00       -0.000000E+00
    7.67148        3.298672E-09       -1.460975E-01       -2.367756E-02        0.000000E+00        0.000000E+00
    7.77953        3.298672E-09       -1.491971E-01        3.611212E-02        0.000000E+00       -0.000000E+00
    7.88758        3.298672E-09       -1.578247E-01       -1.000186E-02       -0.000000E+00        0.000000E+00
    7.99562        3.298672E-09       -1.576946E-01       -4.776917E-03        0.000000E+00        0.000000E+00
    8.10367        3.298672E-09       -1.510205E-01        4.152884E-02       -0.000000E+00        0.000000E+00
    8.21172        3.298672E-09       -1.521282E-01        4.505463E-02       -0.000000E+00       -0.000000E+00
    8.31977        3.298672E-09       -1.614525E-01       -4.412429E-02        0.000000E+00       -0.000000E+00
    8.42782        3.298672E-09       -1.518405E-01        1.514701E-02        0.000000E+00        0.000000E+00
    8.53587        3.298672E-09       -1.424058E-01        2.270547E-02       -0.000000E+00       -0.000000E+00
