BEHD @ YYE. Sim. done on 2023-10-28   12h45
### Sim. w/ κ =    0.800 ; and ∆_0 =  2.00; T =    2.98E+05
 ## r =  1.00E-06 ; rhosty =  1.05E+03 ; rhosol =  1.00E+03
 ## k =  2.00 ; ∆_eq =  2.00 ; num_particle =      10
  Time        mass            Force z            Noise z            Noise x            Noise Θ
    0.10805        3.298672E-09       -1.000000E+00        3.337079E-02        0.000000E+00        0.000000E+00
    0.21610        3.298672E-09       -9.813571E-01        2.381835E-02        0.000000E+00        0.000000E+00
    0.32415        3.298672E-09       -9.429314E-01        2.830234E-02        0.000000E+00        0.000000E+00
    0.43220        3.298672E-09       -8.875605E-01        2.170846E-03       -0.000000E+00        0.000000E+00
    0.54024        3.298672E-09       -8.106207E-01        3.983784E-02       -0.000000E+00       -0.000000E+00
    0.64829        3.298672E-09       -7.243279E-01       -1.713460E-02       -0.000000E+00        0.000000E+00
    0.75634        3.298672E-09       -6.164061E-01        2.831959E-02       -0.000000E+00       -0.000000E+00
    0.86439        3.298672E-09       -5.020324E-01       -3.280142E-02        0.000000E+00        0.000000E+00
    0.97244        3.298672E-09       -3.676906E-01        6.325003E-02        0.000000E+00       -0.000000E+00
    1.08049        3.298672E-09       -2.439181E-01        2.956458E-02       -0.000000E+00        0.000000E+00
    1.18854        3.298672E-09       -1.248628E-01        5.174367E-02       -0.000000E+00       -0.000000E+00
    1.29659        3.298672E-09       -2.146142E-02        1.144938E-02       -0.000000E+00       -0.000000E+00
    1.40464        3.298672E-09        7.524608E-02       -2.509794E-02       -0.000000E+00       -0.000000E+00
    1.51269        3.298672E-09        1.744486E-01       -1.131297E-02       -0.000000E+00       -0.000000E+00
    1.62073        3.298672E-09        2.675025E-01        2.286697E-02        0.000000E+00        0.000000E+00
    1.72878        3.298672E-09        3.350031E-01        9.845351E-02       -0.000000E+00       -0.000000E+00
    1.83683        3.298672E-09        3.341515E-01        1.835189E-02        0.000000E+00        0.000000E+00
    1.94488        3.298672E-09        3.082441E-01       -8.346115E-03       -0.000000E+00        0.000000E+00
    2.05293        3.298672E-09        2.762378E-01       -1.153340E-01       -0.000000E+00        0.000000E+00
    2.16098        3.298672E-09        2.880434E-01       -8.192798E-02        0.000000E+00        0.000000E+00
    2.26903        3.298672E-09        3.217581E-01       -2.881771E-03       -0.000000E+00        0.000000E+00
    2.37708        3.298672E-09        3.376181E-01       -6.333941E-02        0.000000E+00        0.000000E+00
    2.48513        3.298672E-09        3.651453E-01        6.979052E-02        0.000000E+00        0.000000E+00
    2.59318        3.298672E-09        3.350890E-01       -2.234917E-02        0.000000E+00        0.000000E+00
    2.70122        3.298672E-09        3.051163E-01        3.906310E-02       -0.000000E+00       -0.000000E+00
    2.80927        3.298672E-09        2.483533E-01        6.751092E-02       -0.000000E+00        0.000000E+00
    2.91732        3.298672E-09        1.627642E-01       -2.319534E-03       -0.000000E+00        0.000000E+00
    3.02537        3.298672E-09        8.720587E-02        1.063172E-01       -0.000000E+00       -0.000000E+00
    3.13342        3.298672E-09       -1.839749E-02       -2.322101E-02       -0.000000E+00        0.000000E+00
    3.24147        3.298672E-09       -1.000617E-01       -1.077978E-01       -0.000000E+00        0.000000E+00
    3.34952        3.298672E-09       -1.339979E-01       -1.182488E-01        0.000000E+00        0.000000E+00
    3.45757        3.298672E-09       -1.229169E-01        3.876864E-02       -0.000000E+00       -0.000000E+00
    3.56562        3.298672E-09       -1.205376E-01       -3.631101E-02        0.000000E+00        0.000000E+00
    3.67367        3.298672E-09       -1.025698E-01       -1.650975E-02        0.000000E+00        0.000000E+00
    3.78171        3.298672E-09       -7.694633E-02        9.624122E-02       -0.000000E+00        0.000000E+00
    3.88976        3.298672E-09       -8.143581E-02        5.706383E-03        0.000000E+00       -0.000000E+00
    3.99781        3.298672E-09       -8.433051E-02        4.866942E-02       -0.000000E+00        0.000000E+00
    4.10586        3.298672E-09       -9.951667E-02        1.268924E-01        0.000000E+00       -0.000000E+00
    4.21391        3.298672E-09       -1.502572E-01       -1.326134E-01        0.000000E+00       -0.000000E+00
    4.32196        3.298672E-09       -1.494811E-01       -1.209598E-02       -0.000000E+00       -0.000000E+00
    4.43001        3.298672E-09       -1.397927E-01       -9.185375E-02       -0.000000E+00       -0.000000E+00
    4.53806        3.298672E-09       -9.718768E-02        2.521071E-02        0.000000E+00        0.000000E+00
    4.64611        3.298672E-09       -6.183642E-02        1.036299E-02       -0.000000E+00        0.000000E+00
    4.75416        3.298672E-09       -2.992930E-02       -3.360540E-02       -0.000000E+00       -0.000000E+00
    4.86220        3.298672E-09        1.213521E-02       -4.676197E-02        0.000000E+00       -0.000000E+00
    4.97025        3.298672E-09        6.703863E-02       -5.975380E-02       -0.000000E+00        0.000000E+00
    5.07830        3.298672E-09        1.373061E-01       -6.983576E-02        0.000000E+00        0.000000E+00
    5.18635        3.298672E-09        2.245957E-01       -1.831344E-02       -0.000000E+00        0.000000E+00
    5.29440        3.298672E-09        3.059502E-01        1.233640E-01       -0.000000E+00       -0.000000E+00
    5.40245        3.298672E-09        3.121296E-01        7.648397E-03       -0.000000E+00        0.000000E+00
    5.51050        3.298672E-09        2.990836E-01        6.428254E-02       -0.000000E+00       -0.000000E+00
    5.61855        3.298672E-09        2.450044E-01        8.717440E-03        0.000000E+00        0.000000E+00
    5.72660        3.298672E-09        1.865544E-01        1.328923E-01       -0.000000E+00        0.000000E+00
    5.83465        3.298672E-09        7.773548E-02        4.393355E-02        0.000000E+00        0.000000E+00
    5.94269        3.298672E-09       -3.098517E-02       -2.463361E-02        0.000000E+00       -0.000000E+00
    6.05074        3.298672E-09       -1.145940E-01        1.004401E-01       -0.000000E+00        0.000000E+00
    6.15879        3.298672E-09       -2.161713E-01       -5.284393E-02        0.000000E+00        0.000000E+00
    6.26684        3.298672E-09       -2.834922E-01       -2.838734E-02       -0.000000E+00       -0.000000E+00
    6.37489        3.298672E-09       -3.272494E-01       -3.690575E-02       -0.000000E+00        0.000000E+00
    6.48294        3.298672E-09       -3.465019E-01        3.107990E-02        0.000000E+00        0.000000E+00
    6.59099        3.298672E-09       -3.624349E-01        7.351202E-02       -0.000000E+00        0.000000E+00
    6.69904        3.298672E-09       -3.869574E-01       -2.325779E-02       -0.000000E+00        0.000000E+00
    6.80709        3.298672E-09       -3.912069E-01       -5.101008E-02       -0.000000E+00       -0.000000E+00
    6.91514        3.298672E-09       -3.686806E-01       -8.236437E-02       -0.000000E+00       -0.000000E+00
    7.02318        3.298672E-09       -3.125474E-01       -1.312607E-02        0.000000E+00       -0.000000E+00
    7.13123        3.298672E-09       -2.455691E-01       -1.052856E-02        0.000000E+00       -0.000000E+00
    7.23928        3.298672E-09       -1.707547E-01        6.986199E-02        0.000000E+00        0.000000E+00
    7.34733        3.298672E-09       -1.152896E-01        1.554480E-02       -0.000000E+00       -0.000000E+00
    7.45538        3.298672E-09       -6.384225E-02       -6.225364E-02       -0.000000E+00       -0.000000E+00
    7.56343        3.298672E-09        7.173960E-03       -3.047055E-02        0.000000E+00        0.000000E+00
    7.67148        3.298672E-09        8.468850E-02       -3.772666E-02        0.000000E+00       -0.000000E+00
    7.77953        3.298672E-09        1.687684E-01       -7.426760E-02        0.000000E+00        0.000000E+00
    7.88758        3.298672E-09        2.709703E-01        9.575605E-02       -0.000000E+00       -0.000000E+00
    7.99562        3.298672E-09        3.161440E-01       -2.798518E-02       -0.000000E+00       -0.000000E+00
    8.10367        3.298672E-09        3.549454E-01       -1.016916E-02        0.000000E+00       -0.000000E+00
    8.21172        3.298672E-09        3.765017E-01        3.681267E-02       -0.000000E+00       -0.000000E+00
    8.31977        3.298672E-09        3.562508E-01       -4.803079E-02        0.000000E+00        0.000000E+00
    8.42782        3.298672E-09        3.455938E-01       -1.421427E-01        0.000000E+00        0.000000E+00
    8.53587        3.298672E-09        3.888367E-01       -1.671705E-02       -0.000000E+00        0.000000E+00
    0.10805        3.298672E-09       -1.000000E+00        5.525287E-02       -0.000000E+00       -0.000000E+00
    0.21610        3.298672E-09       -9.868085E-01        5.123586E-03       -0.000000E+00       -0.000000E+00
    0.32415        3.298672E-09       -9.488123E-01       -5.186145E-02        0.000000E+00       -0.000000E+00
    0.43220        3.298672E-09       -8.735948E-01       -2.660992E-02       -0.000000E+00       -0.000000E+00
    0.54024        3.298672E-09       -7.704562E-01       -5.602641E-02       -0.000000E+00       -0.000000E+00
    0.64829        3.298672E-09       -6.349088E-01        3.808475E-03        0.000000E+00       -0.000000E+00
    0.75634        3.298672E-09       -4.862247E-01       -3.613797E-03        0.000000E+00       -0.000000E+00
    0.86439        3.298672E-09       -3.260442E-01        3.127012E-02        0.000000E+00       -0.000000E+00
    0.97244        3.298672E-09       -1.680900E-01       -9.736538E-02       -0.000000E+00        0.000000E+00
    1.08049        3.298672E-09        2.290668E-02        3.352794E-02       -0.000000E+00        0.000000E+00
    1.18854        3.298672E-09        2.040506E-01       -2.319087E-03        0.000000E+00       -0.000000E+00
    1.29659        3.298672E-09        3.841212E-01        7.732133E-02       -0.000000E+00       -0.000000E+00
    1.40464        3.298672E-09        5.210152E-01        9.675926E-02       -0.000000E+00        0.000000E+00
    1.51269        3.298672E-09        5.622944E-01       -1.475915E-02        0.000000E+00        0.000000E+00
    1.62073        3.298672E-09        5.606774E-01        1.757180E-02        0.000000E+00        0.000000E+00
    1.72878        3.298672E-09        4.966450E-01       -2.484611E-02        0.000000E+00       -0.000000E+00
    1.83683        3.298672E-09        4.408420E-01       -1.854427E-01       -0.000000E+00       -0.000000E+00
    1.94488        3.298672E-09        4.849951E-01       -5.152938E-02        0.000000E+00       -0.000000E+00
    2.05293        3.298672E-09        5.248755E-01        2.666354E-03       -0.000000E+00        0.000000E+00
    2.16098        3.298672E-09        5.168989E-01        7.629861E-02       -0.000000E+00        0.000000E+00
    2.26903        3.298672E-09        4.177163E-01       -5.105334E-02       -0.000000E+00       -0.000000E+00
    2.37708        3.298672E-09        3.590368E-01       -1.588521E-01       -0.000000E+00        0.000000E+00
    2.48513        3.298672E-09        3.756917E-01        2.751433E-02       -0.000000E+00       -0.000000E+00
    2.59318        3.298672E-09        3.559868E-01       -1.319352E-02       -0.000000E+00        0.000000E+00
    2.70122        3.298672E-09        3.284729E-01       -7.776219E-02        0.000000E+00       -0.000000E+00
    2.80927        3.298672E-09        3.270499E-01       -6.601605E-03       -0.000000E+00        0.000000E+00
    2.91732        3.298672E-09        3.130955E-01        1.268932E-02        0.000000E+00       -0.000000E+00
    3.02537        3.298672E-09        2.806884E-01        8.543813E-02       -0.000000E+00        0.000000E+00
    3.13342        3.298672E-09        2.033864E-01        5.034310E-02       -0.000000E+00        0.000000E+00
    3.24147        3.298672E-09        1.120358E-01       -5.365912E-02        0.000000E+00       -0.000000E+00
    3.34952        3.298672E-09        5.183737E-02       -8.242674E-03        0.000000E+00       -0.000000E+00
    3.45757        3.298672E-09        9.483842E-04        1.512077E-01       -0.000000E+00       -0.000000E+00
    3.56562        3.298672E-09       -9.495150E-02        1.103818E-02       -0.000000E+00        0.000000E+00
    3.67367        3.298672E-09       -1.789068E-01        8.069782E-03       -0.000000E+00        0.000000E+00
    3.78171        3.298672E-09       -2.501928E-01       -3.402506E-02        0.000000E+00        0.000000E+00
    3.88976        3.298672E-09       -2.963846E-01       -2.444837E-02       -0.000000E+00        0.000000E+00
    3.99781        3.298672E-09       -3.221057E-01        5.935070E-02        0.000000E+00       -0.000000E+00
    4.10586        3.298672E-09       -3.528874E-01        3.047251E-04       -0.000000E+00        0.000000E+00
    4.21391        3.298672E-09       -3.704278E-01        8.505598E-03        0.000000E+00        0.000000E+00
    4.32196        3.298672E-09       -3.776571E-01       -4.178912E-02       -0.000000E+00       -0.000000E+00
    4.43001        3.298672E-09       -3.608241E-01       -1.351680E-02        0.000000E+00        0.000000E+00
    4.53806        3.298672E-09       -3.299034E-01        2.489434E-02        0.000000E+00       -0.000000E+00
    4.64611        3.298672E-09       -2.975671E-01       -4.193983E-02        0.000000E+00        0.000000E+00
    4.75416        3.298672E-09       -2.453689E-01       -1.475629E-01        0.000000E+00       -0.000000E+00
    4.86220        3.298672E-09       -1.439731E-01       -3.054625E-03       -0.000000E+00       -0.000000E+00
    4.97025        3.298672E-09       -4.054460E-02        1.304099E-01       -0.000000E+00       -0.000000E+00
    5.07830        3.298672E-09        1.755653E-02       -2.486351E-02       -0.000000E+00       -0.000000E+00
    5.18635        3.298672E-09        8.020323E-02        4.282642E-02        0.000000E+00       -0.000000E+00
    5.29440        3.298672E-09        1.207794E-01       -7.103670E-03       -0.000000E+00       -0.000000E+00
    5.40245        3.298672E-09        1.563061E-01       -8.662533E-02       -0.000000E+00       -0.000000E+00
    5.51050        3.298672E-09        2.159960E-01        2.729138E-02       -0.000000E+00       -0.000000E+00
    5.61855        3.298672E-09        2.512851E-01       -7.468690E-04       -0.000000E+00        0.000000E+00
    5.72660        3.298672E-09        2.724976E-01        4.722216E-03       -0.000000E+00       -0.000000E+00
    5.83465        3.298672E-09        2.769753E-01       -3.579489E-02        0.000000E+00        0.000000E+00
    5.94269        3.298672E-09        2.841166E-01       -3.230121E-02       -0.000000E+00        0.000000E+00
    6.05074        3.298672E-09        2.917225E-01       -2.475922E-02       -0.000000E+00       -0.000000E+00
    6.15879        3.298672E-09        2.959939E-01       -5.949827E-02       -0.000000E+00       -0.000000E+00
    6.26684        3.298672E-09        3.128492E-01        4.173735E-03       -0.000000E+00       -0.000000E+00
    6.37489        3.298672E-09        3.107390E-01       -9.904387E-02       -0.000000E+00        0.000000E+00
    6.48294        3.298672E-09        3.399711E-01       -2.026945E-02        0.000000E+00       -0.000000E+00
    6.59099        3.298672E-09        3.586613E-01        7.253904E-02        0.000000E+00       -0.000000E+00
    6.69904        3.298672E-09        3.202653E-01        8.165006E-02        0.000000E+00        0.000000E+00
    6.80709        3.298672E-09        2.358286E-01       -7.710612E-02       -0.000000E+00        0.000000E+00
    6.91514        3.298672E-09        1.911770E-01        1.229061E-02       -0.000000E+00       -0.000000E+00
    7.02318        3.298672E-09        1.409068E-01       -9.641251E-02       -0.000000E+00        0.000000E+00
    7.13123        3.298672E-09        1.292210E-01        9.503642E-02        0.000000E+00        0.000000E+00
    7.23928        3.298672E-09        7.844668E-02       -1.196940E-01       -0.000000E+00        0.000000E+00
    7.34733        3.298672E-09        7.473195E-02        1.267167E-01       -0.000000E+00        0.000000E+00
    7.45538        3.298672E-09        2.347039E-02        9.629633E-03       -0.000000E+00        0.000000E+00
    7.56343        3.298672E-09       -2.536978E-02        3.759733E-02        0.000000E+00        0.000000E+00
    7.67148        3.298672E-09       -8.001711E-02       -6.527393E-02        0.000000E+00        0.000000E+00
    7.77953        3.298672E-09       -1.046186E-01       -6.607163E-02        0.000000E+00       -0.000000E+00
    7.88758        3.298672E-09       -1.020808E-01       -9.147481E-02        0.000000E+00        0.000000E+00
    7.99562        3.298672E-09       -6.684280E-02       -1.169408E-01       -0.000000E+00       -0.000000E+00
    8.10367        3.298672E-09        6.571824E-03        4.039782E-02        0.000000E+00       -0.000000E+00
    8.21172        3.298672E-09        6.232385E-02        2.550888E-02        0.000000E+00       -0.000000E+00
    8.31977        3.298672E-09        1.033017E-01        1.053242E-01       -0.000000E+00        0.000000E+00
    8.42782        3.298672E-09        9.877491E-02       -5.631171E-02       -0.000000E+00       -0.000000E+00
    8.53587        3.298672E-09        1.117447E-01        4.294317E-02       -0.000000E+00       -0.000000E+00
    0.10805        3.298672E-09       -1.000000E+00        4.086493E-03        0.000000E+00        0.000000E+00
    0.21610        3.298672E-09       -9.740616E-01       -1.847855E-02       -0.000000E+00        0.000000E+00
    0.32415        3.298672E-09       -9.182343E-01       -3.315311E-02       -0.000000E+00       -0.000000E+00
    0.43220        3.298672E-09       -8.312003E-01        9.635079E-03       -0.000000E+00       -0.000000E+00
    0.54024        3.298672E-09       -7.268177E-01       -2.921392E-02        0.000000E+00        0.000000E+00
    0.64829        3.298672E-09       -5.979968E-01       -4.402256E-03        0.000000E+00        0.000000E+00
    0.75634        3.298672E-09       -4.547143E-01       -1.329721E-01        0.000000E+00       -0.000000E+00
    0.86439        3.298672E-09       -2.648211E-01       -6.164753E-02       -0.000000E+00       -0.000000E+00
    0.97244        3.298672E-09       -5.011899E-02       -1.296784E-02       -0.000000E+00       -0.000000E+00
    1.08049        3.298672E-09        1.741565E-01        4.384198E-03       -0.000000E+00        0.000000E+00
    1.18854        3.298672E-09        4.040506E-01        1.411788E-03        0.000000E+00        0.000000E+00
    0.10805        3.298672E-09       -1.000000E+00        1.342805E-02       -0.000000E+00       -0.000000E+00
    0.21610        3.298672E-09       -9.763888E-01       -2.431459E-02       -0.000000E+00       -0.000000E+00
    0.32415        3.298672E-09       -9.212852E-01        8.425547E-03        0.000000E+00       -0.000000E+00
    0.43220        3.298672E-09       -8.453545E-01        2.714920E-02        0.000000E+00       -0.000000E+00
    0.54024        3.298672E-09       -7.558901E-01       -4.162111E-02        0.000000E+00       -0.000000E+00
    0.64829        3.298672E-09       -6.377701E-01       -2.814751E-02        0.000000E+00        0.000000E+00
    0.75634        3.298672E-09       -4.978012E-01        3.400352E-02       -0.000000E+00        0.000000E+00
    0.86439        3.298672E-09       -3.563998E-01       -2.273816E-02       -0.000000E+00        0.000000E+00
    0.97244        3.298672E-09       -2.012525E-01       -2.846653E-02       -0.000000E+00        0.000000E+00
    1.08049        3.298672E-09       -3.376765E-02        2.976032E-03        0.000000E+00       -0.000000E+00
    1.18854        3.298672E-09        1.331752E-01        8.542897E-04        0.000000E+00       -0.000000E+00
    1.29659        3.298672E-09        2.966374E-01       -8.493300E-03       -0.000000E+00        0.000000E+00
    1.40464        3.298672E-09        4.569207E-01        2.478430E-02       -0.000000E+00        0.000000E+00
    1.51269        3.298672E-09        5.912198E-01        9.649410E-02       -0.000000E+00       -0.000000E+00
    1.62073        3.298672E-09        5.971900E-01        7.783680E-02        0.000000E+00       -0.000000E+00
    1.72878        3.298672E-09        4.615149E-01        5.404628E-02        0.000000E+00       -0.000000E+00
    1.83683        3.298672E-09        3.305977E-01       -1.134525E-01       -0.000000E+00        0.000000E+00
    1.94488        3.298672E-09        2.793883E-01       -4.895488E-02       -0.000000E+00        0.000000E+00
    2.05293        3.298672E-09        2.471074E-01        4.372035E-02       -0.000000E+00        0.000000E+00
    2.16098        3.298672E-09        1.908274E-01        2.070169E-03       -0.000000E+00        0.000000E+00
    2.26903        3.298672E-09        1.353818E-01       -4.960606E-02       -0.000000E+00       -0.000000E+00
    2.37708        3.298672E-09        1.018419E-01        1.256466E-01        0.000000E+00        0.000000E+00
    2.48513        3.298672E-09        2.291842E-02       -1.243184E-02        0.000000E+00        0.000000E+00
    2.59318        3.298672E-09       -4.132972E-02        4.671070E-02        0.000000E+00       -0.000000E+00
    2.70122        3.298672E-09       -1.116332E-01        2.223103E-03        0.000000E+00        0.000000E+00
    2.80927        3.298672E-09       -1.707825E-01       -1.307477E-01       -0.000000E+00       -0.000000E+00
    2.91732        3.298672E-09       -1.778883E-01       -8.240171E-02       -0.000000E+00       -0.000000E+00
    3.02537        3.298672E-09       -1.530440E-01        7.921273E-02       -0.000000E+00        0.000000E+00
    3.13342        3.298672E-09       -1.492205E-01       -1.696746E-02       -0.000000E+00        0.000000E+00
    3.24147        3.298672E-09       -1.352098E-01       -8.116772E-02       -0.000000E+00        0.000000E+00
    3.34952        3.298672E-09       -9.201739E-02       -6.585437E-02       -0.000000E+00       -0.000000E+00
    3.45757        3.298672E-09       -2.708837E-02       -6.984543E-02        0.000000E+00        0.000000E+00
    3.56562        3.298672E-09        5.864112E-02       -7.131044E-02       -0.000000E+00       -0.000000E+00
    3.67367        3.298672E-09        1.636072E-01       -5.767972E-02        0.000000E+00        0.000000E+00
    3.78171        3.298672E-09        2.810647E-01        1.516480E-02        0.000000E+00       -0.000000E+00
    3.88976        3.298672E-09        3.775482E-01       -6.171437E-02       -0.000000E+00        0.000000E+00
    3.99781        3.298672E-09        4.831376E-01        1.021891E-02       -0.000000E+00        0.000000E+00
    4.10586        3.298672E-09        5.506134E-01       -7.027348E-02        0.000000E+00        0.000000E+00
    4.21391        3.298672E-09        6.249350E-01        4.294062E-02        0.000000E+00        0.000000E+00
    4.32196        3.298672E-09        5.699441E-01        2.846244E-02       -0.000000E+00        0.000000E+00
    4.43001        3.298672E-09        4.683442E-01       -6.186739E-03        0.000000E+00        0.000000E+00
    4.53806        3.298672E-09        3.850581E-01       -9.853162E-02       -0.000000E+00        0.000000E+00
    4.64611        3.298672E-09        3.578259E-01       -9.434860E-02        0.000000E+00       -0.000000E+00
    4.75416        3.298672E-09        3.648053E-01        4.140278E-02        0.000000E+00       -0.000000E+00
    4.86220        3.298672E-09        3.309827E-01       -6.924540E-02        0.000000E+00        0.000000E+00
    4.97025        3.298672E-09        3.206488E-01       -1.849458E-02       -0.000000E+00       -0.000000E+00
    5.07830        3.298672E-09        3.052628E-01        6.756083E-02       -0.000000E+00        0.000000E+00
    5.18635        3.298672E-09        2.471122E-01       -7.795132E-02        0.000000E+00        0.000000E+00
    5.29440        3.298672E-09        2.222290E-01       -2.969705E-02       -0.000000E+00        0.000000E+00
    5.40245        3.298672E-09        2.039222E-01       -8.576212E-03        0.000000E+00        0.000000E+00
    5.51050        3.298672E-09        1.832167E-01       -4.097205E-02        0.000000E+00       -0.000000E+00
    5.61855        3.298672E-09        1.741326E-01       -1.643237E-02        0.000000E+00        0.000000E+00
    5.72660        3.298672E-09        1.656931E-01       -3.067723E-02        0.000000E+00        0.000000E+00
    5.83465        3.298672E-09        1.636722E-01        1.380345E-02        0.000000E+00       -0.000000E+00
    5.94269        3.298672E-09        1.501358E-01       -2.823609E-02        0.000000E+00       -0.000000E+00
    6.05074        3.298672E-09        1.432631E-01        5.261980E-03       -0.000000E+00        0.000000E+00
    6.15879        3.298672E-09        1.297228E-01       -4.553192E-03        0.000000E+00        0.000000E+00
    6.26684        3.298672E-09        1.146302E-01       -2.655588E-02       -0.000000E+00        0.000000E+00
    6.37489        3.298672E-09        1.069176E-01       -4.615245E-02        0.000000E+00       -0.000000E+00
    6.48294        3.298672E-09        1.131364E-01        3.797784E-02       -0.000000E+00        0.000000E+00
    6.59099        3.298672E-09        1.005371E-01       -5.843473E-02       -0.000000E+00        0.000000E+00
    6.69904        3.298672E-09        1.071062E-01        2.226746E-02       -0.000000E+00       -0.000000E+00
    6.80709        3.298672E-09        1.009310E-01        5.002668E-02       -0.000000E+00        0.000000E+00
    6.91514        3.298672E-09        7.349894E-02       -1.421414E-02        0.000000E+00       -0.000000E+00
    7.02318        3.298672E-09        5.187698E-02        4.043766E-03        0.000000E+00       -0.000000E+00
    7.13123        3.298672E-09        2.956722E-02        5.482060E-02       -0.000000E+00       -0.000000E+00
    7.23928        3.298672E-09       -1.012500E-02       -2.739755E-02        0.000000E+00        0.000000E+00
    7.34733        3.298672E-09       -3.552364E-02        1.018166E-02        0.000000E+00        0.000000E+00
    7.45538        3.298672E-09       -6.021991E-02        5.155389E-02       -0.000000E+00       -0.000000E+00
    7.56343        3.298672E-09       -9.699466E-02        6.321142E-03       -0.000000E+00        0.000000E+00
    7.67148        3.298672E-09       -1.285969E-01       -6.446451E-02        0.000000E+00       -0.000000E+00
    7.77953        3.298672E-09       -1.324052E-01        6.059033E-02       -0.000000E+00        0.000000E+00
    7.88758        3.298672E-09       -1.502559E-01        1.151125E-01        0.000000E+00        0.000000E+00
    7.99562        3.298672E-09       -1.971815E-01       -5.823716E-02        0.000000E+00       -0.000000E+00
    8.10367        3.298672E-09       -2.154014E-01       -6.010955E-02       -0.000000E+00        0.000000E+00
    8.21172        3.298672E-09       -2.068146E-01        1.350239E-02        0.000000E+00       -0.000000E+00
    8.31977        3.298672E-09       -1.960073E-01       -1.832147E-02       -0.000000E+00       -0.000000E+00
    8.42782        3.298672E-09       -1.737796E-01        6.528122E-02       -0.000000E+00       -0.000000E+00
    8.53587        3.298672E-09       -1.672269E-01        5.524107E-02       -0.000000E+00        0.000000E+00
    0.10805        3.298672E-09       -1.000000E+00        5.358475E-02       -0.000000E+00        0.000000E+00
    0.21610        3.298672E-09       -9.863930E-01       -3.405375E-02        0.000000E+00       -0.000000E+00
    0.32415        3.298672E-09       -9.382302E-01       -2.132199E-03        0.000000E+00        0.000000E+00
    0.43220        3.298672E-09       -8.659378E-01       -7.405967E-02        0.000000E+00       -0.000000E+00
    0.54024        3.298672E-09       -7.537665E-01        3.764328E-02       -0.000000E+00        0.000000E+00
    0.64829        3.298672E-09       -6.339825E-01       -5.491239E-02       -0.000000E+00       -0.000000E+00
    0.75634        3.298672E-09       -4.853577E-01        1.787756E-02        0.000000E+00       -0.000000E+00
    0.86439        3.298672E-09       -3.311716E-01        1.085027E-01       -0.000000E+00       -0.000000E+00
    0.97244        3.298672E-09       -2.015029E-01        4.427186E-03       -0.000000E+00        0.000000E+00
    1.08049        3.298672E-09       -7.015809E-02       -9.828267E-02       -0.000000E+00        0.000000E+00
    1.18854        3.298672E-09        9.248593E-02       -1.393924E-02       -0.000000E+00        0.000000E+00
    1.29659        3.298672E-09        2.573928E-01       -9.959756E-03       -0.000000E+00        0.000000E+00
    1.40464        3.298672E-09        4.206142E-01        1.714682E-02       -0.000000E+00       -0.000000E+00
    1.51269        3.298672E-09        5.650509E-01        3.197517E-02       -0.000000E+00        0.000000E+00
    1.62073        3.298672E-09        6.585964E-01       -1.928410E-02        0.000000E+00       -0.000000E+00
    1.72878        3.298672E-09        6.949343E-01       -8.913849E-02       -0.000000E+00        0.000000E+00
    1.83683        3.298672E-09        7.917725E-01       -7.939307E-03        0.000000E+00        0.000000E+00
    0.10805        3.298672E-09       -1.000000E+00       -6.622586E-02       -0.000000E+00       -0.000000E+00
    0.21610        3.298672E-09       -9.565448E-01        4.877056E-02        0.000000E+00       -0.000000E+00
    0.32415        3.298672E-09       -9.011126E-01       -6.864658E-02        0.000000E+00        0.000000E+00
    0.43220        3.298672E-09       -8.058885E-01        6.379644E-02       -0.000000E+00       -0.000000E+00
    0.54024        3.298672E-09       -7.080443E-01       -2.160735E-02       -0.000000E+00        0.000000E+00
    0.64829        3.298672E-09       -5.880605E-01        6.041516E-03        0.000000E+00        0.000000E+00
    0.75634        3.298672E-09       -4.565792E-01        1.714188E-02        0.000000E+00        0.000000E+00
    0.86439        3.298672E-09       -3.201292E-01        4.008887E-02       -0.000000E+00       -0.000000E+00
    0.97244        3.298672E-09       -1.890389E-01        2.624287E-02       -0.000000E+00       -0.000000E+00
    1.08049        3.298672E-09       -6.326320E-02        1.837076E-02       -0.000000E+00        0.000000E+00
    1.18854        3.298672E-09        5.551153E-02        4.368647E-02        0.000000E+00       -0.000000E+00
    1.29659        3.298672E-09        1.538222E-01        7.805089E-02        0.000000E+00        0.000000E+00
    1.40464        3.298672E-09        2.125207E-01        1.816508E-03       -0.000000E+00       -0.000000E+00
    1.51269        3.298672E-09        2.574485E-01       -2.884652E-03        0.000000E+00        0.000000E+00
    1.62073        3.298672E-09        2.883214E-01       -4.883662E-03        0.000000E+00       -0.000000E+00
    1.72878        3.298672E-09        3.048373E-01        1.633669E-02       -0.000000E+00        0.000000E+00
    1.83683        3.298672E-09        2.974610E-01       -8.190961E-02        0.000000E+00       -0.000000E+00
    1.94488        3.298672E-09        3.144996E-01       -7.003926E-03        0.000000E+00        0.000000E+00
    2.05293        3.298672E-09        3.176170E-01        9.588832E-02        0.000000E+00       -0.000000E+00
    2.16098        3.298672E-09        2.603372E-01       -1.176431E-01       -0.000000E+00       -0.000000E+00
    2.26903        3.298672E-09        2.533030E-01       -7.501443E-02       -0.000000E+00        0.000000E+00
    2.37708        3.298672E-09        2.682195E-01       -4.942019E-02       -0.000000E+00        0.000000E+00
    2.48513        3.298672E-09        2.908856E-01       -7.041062E-02        0.000000E+00       -0.000000E+00
    2.59318        3.298672E-09        3.291147E-01       -6.841682E-02        0.000000E+00        0.000000E+00
    2.70122        3.298672E-09        3.797621E-01       -3.160811E-02       -0.000000E+00       -0.000000E+00
    2.80927        3.298672E-09        4.217257E-01       -1.141023E-02       -0.000000E+00        0.000000E+00
    2.91732        3.298672E-09        4.408508E-01       -6.562830E-02       -0.000000E+00       -0.000000E+00
    3.02537        3.298672E-09        4.689732E-01       -1.289738E-02       -0.000000E+00       -0.000000E+00
    3.13342        3.298672E-09        4.706170E-01        6.090347E-02        0.000000E+00        0.000000E+00
    3.24147        3.298672E-09        4.029598E-01       -1.648387E-04       -0.000000E+00        0.000000E+00
    3.34952        3.298672E-09        3.328982E-01       -1.041532E-01       -0.000000E+00        0.000000E+00
    3.45757        3.298672E-09        3.134004E-01        7.232807E-02        0.000000E+00       -0.000000E+00
    3.56562        3.298672E-09        2.488221E-01        3.263667E-02        0.000000E+00       -0.000000E+00
    3.67367        3.298672E-09        1.721618E-01       -8.904045E-02        0.000000E+00        0.000000E+00
    3.78171        3.298672E-09        1.370277E-01        3.622286E-02        0.000000E+00        0.000000E+00
    3.88976        3.298672E-09        8.780513E-02       -3.441629E-03        0.000000E+00       -0.000000E+00
    3.99781        3.298672E-09        4.337121E-02        1.053483E-01        0.000000E+00        0.000000E+00
    4.10586        3.298672E-09       -3.375891E-02       -1.161292E-01        0.000000E+00        0.000000E+00
    4.21391        3.298672E-09       -6.110088E-02       -6.233975E-02        0.000000E+00       -0.000000E+00
    4.32196        3.298672E-09       -6.300564E-02       -1.043930E-02        0.000000E+00        0.000000E+00
    4.43001        3.298672E-09       -5.890064E-02       -3.150830E-02        0.000000E+00        0.000000E+00
    4.53806        3.298672E-09       -4.253928E-02       -1.574927E-02        0.000000E+00        0.000000E+00
    4.64611        3.298672E-09       -2.053902E-02       -7.320971E-03        0.000000E+00        0.000000E+00
    4.75416        3.298672E-09        3.162491E-03        3.257200E-02       -0.000000E+00       -0.000000E+00
    4.86220        3.298672E-09        1.404380E-02       -8.604784E-02        0.000000E+00        0.000000E+00
    4.97025        3.298672E-09        5.318389E-02       -8.366783E-02       -0.000000E+00       -0.000000E+00
    5.07830        3.298672E-09        1.171304E-01       -6.040466E-02       -0.000000E+00        0.000000E+00
    5.18635        3.298672E-09        1.951453E-01        5.445667E-02        0.000000E+00       -0.000000E+00
    5.29440        3.298672E-09        2.392367E-01       -7.160299E-02       -0.000000E+00       -0.000000E+00
    5.40245        3.298672E-09        2.992725E-01       -2.581728E-02        0.000000E+00       -0.000000E+00
    5.51050        3.298672E-09        3.525248E-01        7.383403E-03       -0.000000E+00       -0.000000E+00
    5.61855        3.298672E-09        3.795275E-01       -5.272260E-02        0.000000E+00       -0.000000E+00
    5.72660        3.298672E-09        4.101363E-01       -8.958163E-02       -0.000000E+00       -0.000000E+00
    5.83465        3.298672E-09        4.628177E-01       -3.326702E-02       -0.000000E+00       -0.000000E+00
    5.94269        3.298672E-09        5.012397E-01        2.445490E-02        0.000000E+00        0.000000E+00
    6.05074        3.298672E-09        4.817824E-01        7.904071E-02        0.000000E+00       -0.000000E+00
    6.15879        3.298672E-09        3.840458E-01        1.046956E-01        0.000000E+00       -0.000000E+00
    6.26684        3.298672E-09        2.426569E-01       -1.104199E-01        0.000000E+00       -0.000000E+00
    6.37489        3.298672E-09        1.750841E-01        6.903470E-02       -0.000000E+00        0.000000E+00
    6.48294        3.298672E-09        8.508972E-02       -3.784452E-02        0.000000E+00        0.000000E+00
    6.59099        3.298672E-09        2.021931E-02       -6.409740E-02       -0.000000E+00       -0.000000E+00
    6.69904        3.298672E-09       -1.461390E-02       -3.642148E-02       -0.000000E+00        0.000000E+00
    6.80709        3.298672E-09       -3.264393E-02       -4.023145E-02       -0.000000E+00       -0.000000E+00
    6.91514        3.298672E-09       -3.413698E-02       -6.174277E-02        0.000000E+00       -0.000000E+00
    7.02318        3.298672E-09       -1.354669E-02       -2.887397E-02        0.000000E+00        0.000000E+00
    7.13123        3.298672E-09        1.584084E-02       -1.277006E-01       -0.000000E+00       -0.000000E+00
    7.23928        3.298672E-09        8.640540E-02        2.907568E-02       -0.000000E+00        0.000000E+00
    7.34733        3.298672E-09        1.393923E-01       -7.622584E-02       -0.000000E+00        0.000000E+00
    7.45538        3.298672E-09        2.121173E-01        5.544545E-02        0.000000E+00        0.000000E+00
    7.56343        3.298672E-09        2.491679E-01       -9.134764E-02       -0.000000E+00        0.000000E+00
    7.67148        3.298672E-09        3.106736E-01       -2.674332E-03       -0.000000E+00        0.000000E+00
    7.77953        3.298672E-09        3.540720E-01       -7.727897E-02       -0.000000E+00       -0.000000E+00
    7.88758        3.298672E-09        4.132654E-01        8.970084E-03        0.000000E+00        0.000000E+00
    7.99562        3.298672E-09        4.389093E-01        2.731057E-02        0.000000E+00       -0.000000E+00
    8.10367        3.298672E-09        4.183835E-01       -2.372994E-02       -0.000000E+00        0.000000E+00
    8.21172        3.298672E-09        3.918740E-01       -5.412566E-02       -0.000000E+00       -0.000000E+00
    8.31977        3.298672E-09        3.786175E-01       -5.596494E-02        0.000000E+00        0.000000E+00
    8.42782        3.298672E-09        3.767952E-01        8.425366E-02        0.000000E+00        0.000000E+00
    8.53587        3.298672E-09        3.120179E-01        6.983370E-02       -0.000000E+00        0.000000E+00
    0.10805        3.298672E-09       -1.000000E+00       -4.725238E-02        0.000000E+00       -0.000000E+00
    0.21610        3.298672E-09       -9.612716E-01       -9.516031E-02       -0.000000E+00       -0.000000E+00
    0.32415        3.298672E-09       -8.742274E-01       -6.287759E-03        0.000000E+00        0.000000E+00
    0.43220        3.298672E-09       -7.647184E-01        4.437047E-03       -0.000000E+00        0.000000E+00
    0.54024        3.298672E-09       -6.386768E-01        1.112227E-01       -0.000000E+00        0.000000E+00
    0.64829        3.298672E-09       -5.277949E-01        3.186191E-02       -0.000000E+00        0.000000E+00
    0.75634        3.298672E-09       -4.138955E-01        2.359493E-02       -0.000000E+00       -0.000000E+00
    0.86439        3.298672E-09       -2.979420E-01       -2.138091E-02        0.000000E+00        0.000000E+00
    0.97244        3.298672E-09       -1.701863E-01        7.991841E-02       -0.000000E+00       -0.000000E+00
    1.08049        3.298672E-09       -6.495115E-02        8.516644E-02        0.000000E+00       -0.000000E+00
    1.18854        3.298672E-09        1.114187E-02        3.086432E-02        0.000000E+00       -0.000000E+00
    1.29659        3.298672E-09        7.258135E-02       -1.987537E-02       -0.000000E+00        0.000000E+00
    1.40464        3.298672E-09        1.348049E-01        2.520313E-02       -0.000000E+00       -0.000000E+00
    1.51269        3.298672E-09        1.784217E-01        9.718595E-03       -0.000000E+00        0.000000E+00
    1.62073        3.298672E-09        2.075422E-01        6.352747E-02       -0.000000E+00       -0.000000E+00
    1.72878        3.298672E-09        1.995360E-01       -2.578675E-02        0.000000E+00        0.000000E+00
    1.83683        3.298672E-09        1.947486E-01       -3.412852E-02       -0.000000E+00        0.000000E+00
    1.94488        3.298672E-09        1.962712E-01        8.281270E-04        0.000000E+00        0.000000E+00
    2.05293        3.298672E-09        1.892874E-01       -7.419646E-02       -0.000000E+00        0.000000E+00
    2.16098        3.298672E-09        2.049991E-01       -2.263041E-02       -0.000000E+00       -0.000000E+00
    2.26903        3.298672E-09        2.197065E-01       -6.259987E-02       -0.000000E+00       -0.000000E+00
    2.37708        3.298672E-09        2.492569E-01        9.748958E-02       -0.000000E+00       -0.000000E+00
    2.48513        3.298672E-09        2.234897E-01       -5.358464E-02        0.000000E+00       -0.000000E+00
    2.59318        3.298672E-09        2.142579E-01       -2.478802E-03       -0.000000E+00       -0.000000E+00
    2.70122        3.298672E-09        1.983395E-01       -9.260360E-02        0.000000E+00        0.000000E+00
    2.80927        3.298672E-09        2.135944E-01        9.461371E-02        0.000000E+00        0.000000E+00
    2.91732        3.298672E-09        1.797085E-01       -2.382152E-02       -0.000000E+00       -0.000000E+00
    3.02537        3.298672E-09        1.529296E-01       -1.465542E-02       -0.000000E+00        0.000000E+00
    3.13342        3.298672E-09        1.294192E-01       -3.071565E-02       -0.000000E+00       -0.000000E+00
    3.24147        3.298672E-09        1.155259E-01       -7.656546E-02       -0.000000E+00       -0.000000E+00
    3.34952        3.298672E-09        1.273483E-01       -3.460251E-02        0.000000E+00       -0.000000E+00
    3.45757        3.298672E-09        1.461680E-01       -1.911307E-02        0.000000E+00       -0.000000E+00
    3.56562        3.298672E-09        1.648248E-01        4.135476E-02        0.000000E+00       -0.000000E+00
    3.67367        3.298672E-09        1.591278E-01        5.090404E-02        0.000000E+00       -0.000000E+00
    3.78171        3.298672E-09        1.282948E-01       -1.022889E-01       -0.000000E+00       -0.000000E+00
    3.88976        3.298672E-09        1.349922E-01        9.392084E-02       -0.000000E+00       -0.000000E+00
    3.99781        3.298672E-09        1.005067E-01       -2.217817E-02        0.000000E+00        0.000000E+00
    4.10586        3.298672E-09        7.491639E-02       -1.321865E-01        0.000000E+00       -0.000000E+00
    4.21391        3.298672E-09        9.708503E-02        4.142706E-02       -0.000000E+00        0.000000E+00
    4.32196        3.298672E-09        9.869235E-02       -2.997973E-02        0.000000E+00       -0.000000E+00
    4.43001        3.298672E-09        1.075342E-01       -3.206807E-02        0.000000E+00        0.000000E+00
    4.53806        3.298672E-09        1.233746E-01        6.240891E-03        0.000000E+00        0.000000E+00
    4.64611        3.298672E-09        1.307638E-01        9.195491E-03       -0.000000E+00       -0.000000E+00
    4.75416        3.298672E-09        1.290217E-01        4.204511E-02        0.000000E+00        0.000000E+00
    4.86220        3.298672E-09        1.068819E-01        9.744594E-03        0.000000E+00       -0.000000E+00
    4.97025        3.298672E-09        7.994678E-02        2.018995E-02        0.000000E+00        0.000000E+00
    5.07830        3.298672E-09        4.618434E-02        1.728778E-02        0.000000E+00        0.000000E+00
    5.18635        3.298672E-09        8.881128E-03       -9.667632E-03        0.000000E+00       -0.000000E+00
    5.29440        3.298672E-09       -2.095018E-02        4.442475E-02       -0.000000E+00        0.000000E+00
    5.40245        3.298672E-09       -6.150239E-02       -3.905517E-03       -0.000000E+00        0.000000E+00
    5.51050        3.298672E-09       -9.412774E-02       -2.777181E-02        0.000000E+00       -0.000000E+00
    5.61855        3.298672E-09       -1.112094E-01       -6.258927E-02        0.000000E+00       -0.000000E+00
    5.72660        3.298672E-09       -1.028855E-01        4.683413E-02       -0.000000E+00       -0.000000E+00
    5.83465        3.298672E-09       -1.064135E-01        7.877524E-02       -0.000000E+00       -0.000000E+00
    5.94269        3.298672E-09       -1.308684E-01       -8.316287E-02        0.000000E+00        0.000000E+00
    6.05074        3.298672E-09       -1.223481E-01        2.210833E-02        0.000000E+00        0.000000E+00
    6.15879        3.298672E-09       -1.171053E-01       -6.866862E-02       -0.000000E+00        0.000000E+00
    6.26684        3.298672E-09       -8.634289E-02        1.746986E-02       -0.000000E+00        0.000000E+00
    6.37489        3.298672E-09       -6.015667E-02        6.292419E-02       -0.000000E+00        0.000000E+00
    6.48294        3.298672E-09       -5.412200E-02       -5.379490E-02       -0.000000E+00       -0.000000E+00
    6.59099        3.298672E-09       -2.881580E-02        2.804753E-02        0.000000E+00        0.000000E+00
    6.69904        3.298672E-09       -1.351146E-02        6.025927E-02       -0.000000E+00       -0.000000E+00
    6.80709        3.298672E-09       -1.899469E-02        1.256727E-01       -0.000000E+00       -0.000000E+00
    6.91514        3.298672E-09       -6.513519E-02       -2.234644E-03       -0.000000E+00        0.000000E+00
    7.02318        3.298672E-09       -1.030896E-01        3.408463E-03       -0.000000E+00        0.000000E+00
    7.13123        3.298672E-09       -1.346309E-01       -1.123790E-02        0.000000E+00       -0.000000E+00
    7.23928        3.298672E-09       -1.549769E-01        2.686202E-02        0.000000E+00       -0.000000E+00
    7.34733        3.298672E-09       -1.765359E-01        1.088880E-01       -0.000000E+00        0.000000E+00
    7.45538        3.298672E-09       -2.237117E-01       -3.209767E-02        0.000000E+00       -0.000000E+00
    7.56343        3.298672E-09       -2.495712E-01        5.940207E-02        0.000000E+00       -0.000000E+00
    7.67148        3.298672E-09       -2.828730E-01        5.038117E-02        0.000000E+00        0.000000E+00
    7.77953        3.298672E-09       -3.192014E-01        9.341165E-02       -0.000000E+00        0.000000E+00
    7.88758        3.298672E-09       -3.696501E-01        5.746294E-03       -0.000000E+00       -0.000000E+00
    7.99562        3.298672E-09       -4.062859E-01       -6.722137E-02        0.000000E+00       -0.000000E+00
    8.10367        3.298672E-09       -4.088716E-01        5.299930E-02        0.000000E+00       -0.000000E+00
    8.21172        3.298672E-09       -4.136735E-01        1.410968E-02        0.000000E+00       -0.000000E+00
    8.31977        3.298672E-09       -4.094732E-01        6.458151E-02        0.000000E+00        0.000000E+00
    8.42782        3.298672E-09       -4.111553E-01       -3.063486E-02        0.000000E+00        0.000000E+00
    8.53587        3.298672E-09       -3.915239E-01       -2.004156E-02        0.000000E+00        0.000000E+00
