BEHD @ YYE. Sim. done on 2023-10-27   17h13
### Sim. w/ κ =    0.200 ; and ∆_0 =  2.00; T =    2.98E+05
 ## r =  1.00E-06 ; rhosty =  1.05E+03 ; rhosol =  1.00E+03
 ## k =  2.00 ; ∆_eq =  2.00 ; num_particle =    1000
Time         sumz         <∆z^2>
        0.10805    2.95253E+03    3.69112E-04
        0.21610    1.13473E+04    1.41877E-03
        0.32415    2.46109E+04    3.07752E-03
        0.43220    4.20808E+04    5.26274E-03
        0.54024    6.30281E+04    7.88344E-03
        0.64829    8.66803E+04    1.08432E-02
        0.75634    1.12244E+05    1.40428E-02
        0.86439    1.38929E+05    1.73835E-02
        0.97244    1.65964E+05    2.07689E-02
        1.08049    1.92621E+05    2.41077E-02
        1.18854    2.18228E+05    2.73160E-02
        1.29659    2.42185E+05    3.03186E-02
        1.40464    2.63976E+05    3.30508E-02
        1.51269    2.83175E+05    3.54590E-02
        1.62073    2.99453E+05    3.75019E-02
        1.72878    3.12577E+05    3.91505E-02
        1.83683    3.22417E+05    4.03880E-02
        1.94488    3.28935E+05    4.12096E-02
        2.05293    3.32181E+05    4.16215E-02
        2.16098    3.32291E+05    4.16404E-02
        2.26903    3.29468E+05    4.12919E-02
        2.37708    3.23979E+05    4.06090E-02
        2.48513    3.16142E+05    3.96317E-02
        2.59318    3.06312E+05    3.84042E-02
        2.70122    2.94872E+05    3.69745E-02
        3.24147    2.27451E+05    2.85384E-02
        4.32196    1.60469E+05    2.01594E-02
        5.40245    2.16002E+05    2.71701E-02
        6.48294    2.47314E+05    3.11479E-02
        7.56343    2.17465E+05    2.74230E-02
        8.64392    2.01842E+05    2.54851E-02
        9.72441    2.17057E+05    2.74409E-02
       10.80490    2.24342E+05    2.83977E-02
       11.88539    2.15625E+05    2.73289E-02
       12.96588    2.11744E+05    2.68710E-02
       14.04637    2.16114E+05    2.74605E-02
       15.12686    2.17689E+05    2.76958E-02
       16.20735    2.14731E+05    2.73542E-02
       17.28784    2.13362E+05    2.72145E-02
       18.36833    2.14826E+05    2.74362E-02
       19.44882    2.15526E+05    2.75608E-02
       20.52931    2.14163E+05    2.74216E-02
       21.60980    2.13000E+05    2.73077E-02
       22.69029    2.13319E+05    2.73837E-02
       23.77078    2.13565E+05    2.74505E-02
       24.85127    2.13013E+05    2.74148E-02
       25.93176    2.12577E+05    2.73939E-02
       27.01225    2.12520E+05    2.74219E-02
       28.09274    2.12481E+05    2.74523E-02
       29.17323    2.11953E+05    2.74196E-02
       30.25372    2.11264E+05    2.73658E-02
       31.33421    2.11012E+05    2.73686E-02
       32.41470    2.11476E+05    2.74644E-02
       33.49519    2.11149E+05    2.74577E-02
       34.57568    2.10001E+05    2.73439E-02
       35.65617    2.09865E+05    2.73618E-02
       36.73666    2.10363E+05    2.74625E-02
       37.81715    2.10126E+05    2.74675E-02
       38.89763    2.09450E+05    2.74149E-02
       39.97812    2.08951E+05    2.73854E-02
       41.05861    2.08710E+05    2.73898E-02
       42.13910    2.08952E+05    2.74575E-02
       43.21959    2.08755E+05    2.74678E-02
       44.30008    2.07849E+05    2.73846E-02
       45.38057    2.07674E+05    2.73977E-02
       46.46106    2.07739E+05    2.74425E-02
       47.54155    2.07256E+05    2.74149E-02
       48.62204    2.06994E+05    2.74164E-02
       49.70253    2.06980E+05    2.74509E-02
       50.78302    2.06688E+05    2.74485E-02
       51.86351    2.06001E+05    2.73938E-02
       52.94400    2.05713E+05    2.73918E-02
       54.02449    2.06032E+05    2.74709E-02
       55.10498    2.05651E+05    2.74567E-02
       56.18547    2.04774E+05    2.73762E-02
       57.26596    2.04596E+05    2.73890E-02
       58.34645    2.04641E+05    2.74317E-02
       59.42694    2.04523E+05    2.74528E-02
       60.50743    2.04198E+05    2.74460E-02
       61.58792    2.03761E+05    2.74241E-02
       62.66841    2.03498E+05    2.74256E-02
       63.74890    2.03146E+05    2.74151E-02
       64.82939    2.02815E+05    2.74074E-02
       65.90988    2.02744E+05    2.74349E-02
       66.99037    2.02580E+05    2.74499E-02
       68.07086    2.02087E+05    2.74203E-02
       69.15135    2.01829E+05    2.74224E-02
       70.23184    2.01635E+05    2.74333E-02
       71.31233    2.01489E+05    2.74509E-02
       72.39282    2.00913E+05    2.74097E-02
       73.47331    2.00658E+05    2.74123E-02
       74.55380    2.00864E+05    2.74780E-02
       75.63429    2.00187E+05    2.74229E-02
       76.71478    1.99637E+05    2.73851E-02
       77.79527    1.99881E+05    2.74561E-02
       78.87576    1.99615E+05    2.74574E-02
       79.95625    1.99125E+05    2.74277E-02
       81.03674    1.99027E+05    2.74521E-02
       82.11723    1.98683E+05    2.74424E-02
       83.19772    1.98310E+05    2.74288E-02
       84.27821    1.98075E+05    2.74342E-02
       85.35870    1.97876E+05    2.74447E-02
       86.43919    1.97722E+05    2.74613E-02
       87.51968    1.97210E+05    2.74283E-02
       88.60017    1.96761E+05    2.74040E-02
       89.68066    1.96787E+05    2.74460E-02
       90.76115    1.96845E+05    2.74924E-02
       91.84164    1.96513E+05    2.74844E-02
       92.92213    1.95802E+05    2.74233E-02
       94.00262    1.95466E+05    2.74146E-02
       95.08311    1.95675E+05    2.74824E-02
       96.16360    1.95440E+05    2.74880E-02
       97.24409    1.94755E+05    2.74303E-02
       98.32458    1.94456E+05    2.74268E-02
       99.40507    1.94698E+05    2.74997E-02
      100.48556    1.94363E+05    2.74912E-02
      101.56605    1.93613E+05    2.74239E-02
      102.64654    1.93622E+05    2.74641E-02
      103.72703    1.93711E+05    2.75158E-02
      104.80752    1.93061E+05    2.74624E-02
      105.88801    1.92535E+05    2.74266E-02
      106.96850    1.92239E+05    2.74236E-02
      108.04899    1.92281E+05    2.74687E-02
      109.12948    1.91996E+05    2.74673E-02
      110.20997    1.91613E+05    2.74518E-02
      111.29046    1.90987E+05    2.74013E-02
      112.37095    1.90744E+05    2.74058E-02
      113.45144    1.91253E+05    2.75184E-02
      114.53192    1.90828E+05    2.74968E-02
      115.61241    1.90171E+05    2.74417E-02
      116.69290    1.89971E+05    2.74524E-02
      117.77339    1.89659E+05    2.74470E-02
      118.85388    1.89191E+05    2.74190E-02
      119.93437    1.88891E+05    2.74152E-02
      121.01486    1.88898E+05    2.74561E-02
      122.09535    1.88501E+05    2.74383E-02
      123.17584    1.88057E+05    2.74136E-02
      124.25633    1.88175E+05    2.74707E-02
      125.33682    1.88096E+05    2.74994E-02
      126.41731    1.87429E+05    2.74421E-02
      127.49780    1.86768E+05    2.73854E-02
      128.57829    1.86790E+05    2.74287E-02
      129.65878    1.86782E+05    2.74679E-02
      130.73927    1.86569E+05    2.74771E-02
      131.81976    1.86356E+05    2.74861E-02
      132.90025    1.85731E+05    2.74344E-02
      133.98074    1.85363E+05    2.74206E-02
      135.06123    1.85588E+05    2.74946E-02
      136.14172    1.85183E+05    2.74752E-02
      137.22221    1.84110E+05    2.73565E-02
      138.30270    1.83917E+05    2.73686E-02
      139.38319    1.84524E+05    2.74999E-02
      140.46368    1.84580E+05    2.75492E-02
      141.54417    1.83672E+05    2.74548E-02
      142.62466    1.82914E+05    2.73823E-02
      143.70515    1.82967E+05    2.74314E-02
      144.78564    1.83086E+05    2.74905E-02
      145.86613    1.82640E+05    2.74647E-02
      146.94662    1.82054E+05    2.74178E-02
      148.02711    1.82053E+05    2.74590E-02
      149.10760    1.82078E+05    2.75042E-02
      150.18809    1.81404E+05    2.74438E-02
      151.26858    1.80788E+05    2.73921E-02
      152.34907    1.80858E+05    2.74443E-02
      153.42956    1.81099E+05    2.75227E-02
      154.51005    1.80771E+05    2.75146E-02
      155.59054    1.79989E+05    2.74373E-02
      156.67103    1.79485E+05    2.74023E-02
      157.75152    1.79524E+05    2.74501E-02
      158.83201    1.79398E+05    2.74729E-02
      159.91250    1.79126E+05    2.74733E-02
      160.99299    1.79044E+05    2.75029E-02
      162.07348    1.78535E+05    2.74670E-02
      163.15397    1.78038E+05    2.74326E-02
      164.23446    1.78137E+05    2.74902E-02
      165.31495    1.78039E+05    2.75177E-02
      166.39544    1.77392E+05    2.74600E-02
      167.47593    1.76719E+05    2.73983E-02
      168.55642    1.76787E+05    2.74513E-02
      169.63691    1.77153E+05    2.75510E-02
      170.71740    1.76534E+05    2.74975E-02
      171.79789    1.75444E+05    2.73703E-02
      172.87838    1.75362E+05    2.74003E-02
      173.95887    1.76088E+05    2.75568E-02
      175.03936    1.75567E+05    2.75184E-02
      176.11985    1.74225E+05    2.73509E-02
      177.20034    1.74383E+05    2.74187E-02
      178.28083    1.74848E+05    2.75351E-02
      179.36132    1.73999E+05    2.74446E-02
      180.44181    1.73245E+05    2.73689E-02
      181.52230    1.73619E+05    2.74714E-02
      182.60279    1.73882E+05    2.75566E-02
      183.68328    1.73486E+05    2.75375E-02
      184.76377    1.72798E+05    2.74719E-02
      185.84426    1.72544E+05    2.74751E-02
      186.92475    1.71993E+05    2.74311E-02
      188.00524    1.71639E+05    2.74183E-02
      189.08573    1.71962E+05    2.75140E-02
      190.16622    1.71574E+05    2.74958E-02
      191.24670    1.70932E+05    2.74370E-02
      192.32719    1.70728E+05    2.74482E-02
      193.40768    1.70720E+05    2.74912E-02
      194.48817    1.70473E+05    2.74957E-02
      195.56866    1.69781E+05    2.74283E-02
      196.64915    1.69524E+05    2.74311E-02
      197.72964    1.69669E+05    2.74990E-02
      198.81013    1.69400E+05    2.75000E-02
      199.89062    1.68980E+05    2.74765E-02
      200.97111    1.68618E+05    2.74622E-02
      202.05160    1.68449E+05    2.74795E-02
      203.13209    1.68472E+05    2.75280E-02
      204.21258    1.68118E+05    2.75152E-02
      205.29307    1.67519E+05    2.74621E-02
      206.37356    1.67080E+05    2.74351E-02
      207.45405    1.66879E+05    2.74472E-02
      208.53454    1.66771E+05    2.74747E-02
      209.61503    1.66549E+05    2.74834E-02
      210.69552    1.66433E+05    2.75096E-02
      211.77601    1.66226E+05    2.75208E-02
      212.85650    1.65567E+05    2.74572E-02
      213.93699    1.65300E+05    2.74586E-02
      215.01748    1.65296E+05    2.75035E-02
      216.09797    1.64770E+05    2.74616E-02
      217.17846    1.64508E+05    2.74638E-02
      218.25895    1.64559E+05    2.75182E-02
      219.33944    1.64216E+05    2.75069E-02
      220.41993    1.63613E+05    2.74519E-02
      221.50042    1.63388E+05    2.74602E-02
      222.58091    1.63537E+05    2.75315E-02
      223.66140    1.63114E+05    2.75066E-02
      224.74189    1.62590E+05    2.74645E-02
      225.82238    1.62493E+05    2.74946E-02
      226.90287    1.62618E+05    2.75623E-02
      227.98336    1.62020E+05    2.75077E-02
      229.06385    1.61279E+05    2.74284E-02
      230.14434    1.61314E+05    2.74811E-02
      231.22483    1.61303E+05    2.75261E-02
      232.30532    1.60650E+05    2.74616E-02
      233.38581    1.60004E+05    2.73980E-02
      234.46630    1.60285E+05    2.74931E-02
      235.54679    1.60318E+05    2.75460E-02
      236.62728    1.59573E+05    2.74652E-02
      237.70777    1.59093E+05    2.74299E-02
      238.78826    1.59270E+05    2.75078E-02
      239.86875    1.59576E+05    2.76084E-02
      240.94924    1.58795E+05    2.75207E-02
      242.02973    1.57925E+05    2.74175E-02
      243.11022    1.57863E+05    2.74544E-02
      244.19071    1.58173E+05    2.75562E-02
      245.27120    1.57844E+05    2.75470E-02
      246.35169    1.57062E+05    2.74583E-02
      247.43218    1.57050E+05    2.75043E-02
      248.51267    1.57117E+05    2.75644E-02
      249.59316    1.56236E+05    2.74581E-02
      250.67365    1.55665E+05    2.74057E-02
      251.75414    1.56098E+05    2.75305E-02
      252.83463    1.56211E+05    2.75991E-02
      253.91512    1.55310E+05    2.74885E-02
      254.99561    1.54677E+05    2.74251E-02
      256.07610    1.54828E+05    2.75006E-02
      257.15659    1.54784E+05    2.75416E-02
      258.23708    1.54366E+05    2.75162E-02
      259.31757    1.53999E+05    2.74999E-02
      260.39806    1.53753E+05    2.75050E-02
      261.47855    1.53569E+05    2.75213E-02
      262.55904    1.53265E+05    2.75162E-02
      263.63953    1.53224E+05    2.75582E-02
      264.72002    1.52726E+05    2.75182E-02
      265.80051    1.52133E+05    2.74609E-02
      266.88099    1.51989E+05    2.74844E-02
      267.96148    1.51876E+05    2.75137E-02
      269.04197    1.51741E+05    2.75392E-02
      270.12246    1.51113E+05    2.74751E-02
      271.20295    1.50565E+05    2.74254E-02
      272.28344    1.51005E+05    2.75557E-02
      273.36393    1.51312E+05    2.76622E-02
      274.44442    1.50143E+05    2.74986E-02
      275.52491    1.49286E+05    2.73919E-02
      276.60540    1.49757E+05    2.75289E-02
      277.68589    1.50064E+05    2.76361E-02
      278.76638    1.49212E+05    2.75300E-02
      279.84687    1.48531E+05    2.74549E-02
      280.92736    1.48653E+05    2.75284E-02
      282.00785    1.48474E+05    2.75462E-02
      283.08834    1.48188E+05    2.75443E-02
      284.16883    1.47795E+05    2.75224E-02
      285.24932    1.47542E+05    2.75264E-02
      286.32981    1.47260E+05    2.75253E-02
      287.41030    1.46817E+05    2.74937E-02
      288.49079    1.46719E+05    2.75270E-02
      289.57128    1.46838E+05    2.76010E-02
      290.65177    1.46477E+05    2.75852E-02
      291.73226    1.45656E+05    2.74823E-02
      292.81275    1.45485E+05    2.75019E-02
      293.89324    1.45636E+05    2.75825E-02
      294.97373    1.45003E+05    2.75149E-02
      296.05422    1.44588E+05    2.74883E-02
      297.13471    1.44955E+05    2.76106E-02
      298.21520    1.44549E+05    2.75856E-02
      299.29569    1.43736E+05    2.74830E-02
      300.37618    1.43568E+05    2.75035E-02
      301.45667    1.43737E+05    2.75887E-02
      302.53716    1.43520E+05    2.75999E-02
      303.61765    1.42825E+05    2.75192E-02
      304.69814    1.42422E+05    2.74947E-02
      305.77863    1.42443E+05    2.75519E-02
      306.85912    1.42438E+05    2.76042E-02
      307.93961    1.41954E+05    2.75639E-02
      309.02010    1.41299E+05    2.74900E-02
      310.10059    1.41234E+05    2.75309E-02
      311.18108    1.41322E+05    2.76020E-02
      312.26157    1.40822E+05    2.75580E-02
      313.34206    1.40318E+05    2.75133E-02
      314.42255    1.40365E+05    2.75766E-02
      315.50304    1.40266E+05    2.76114E-02
      316.58353    1.39575E+05    2.75296E-02
      317.66402    1.38795E+05    2.74298E-02
      318.74451    1.38867E+05    2.74984E-02
      319.82500    1.39268E+05    2.76325E-02
      320.90549    1.38740E+05    2.75824E-02
      321.98598    1.38114E+05    2.75127E-02
      323.06647    1.38004E+05    2.75458E-02
      324.14696    1.37762E+05    2.75523E-02
      325.22745    1.37492E+05    2.75535E-02
      326.30794    1.37075E+05    2.75252E-02
      327.38843    1.36760E+05    2.75171E-02
      328.46892    1.36920E+05    2.76048E-02
      329.54941    1.36795E+05    2.76354E-02
      330.62990    1.35866E+05    2.75033E-02
      331.71039    1.35282E+05    2.74406E-02
      332.79088    1.35445E+05    2.75295E-02
      333.87137    1.35512E+05    2.75992E-02
      334.95186    1.35253E+05    2.76026E-02
      336.03235    1.34695E+05    2.75450E-02
      337.11284    1.34448E+05    2.75509E-02
      338.19333    1.34429E+05    2.76035E-02
      339.27382    1.34083E+05    2.75890E-02
      340.35431    1.33646E+05    2.75558E-02
      341.43480    1.33460E+05    2.75743E-02
      342.51528    1.33294E+05    2.75971E-02
      343.59577    1.33094E+05    2.76129E-02
      344.67626    1.32688E+05    2.75858E-02
      345.75675    1.32281E+05    2.75585E-02
      346.83724    1.31998E+05    2.75570E-02
      347.91773    1.31896E+05    2.75934E-02
      348.99822    1.31751E+05    2.76207E-02
      350.07871    1.31427E+05    2.76106E-02
      351.15920    1.31137E+05    2.76078E-02
      352.23969    1.30956E+05    2.76278E-02
      353.32018    1.30822E+05    2.76580E-02
      354.40067    1.30299E+05    2.76057E-02
      355.48116    1.29762E+05    2.75503E-02
      356.56165    1.29622E+05    2.75792E-02
      357.64214    1.29503E+05    2.76125E-02
      358.72263    1.28998E+05    2.75636E-02
      359.80312    1.28524E+05    2.75212E-02
      360.88361    1.28717E+05    2.76217E-02
      361.96410    1.28673E+05    2.76716E-02
      363.04459    1.28098E+05    2.76073E-02
      364.12508    1.27835E+05    2.76102E-02
      365.20557    1.27698E+05    2.76403E-02
      366.28606    1.27329E+05    2.76201E-02
      367.36655    1.26690E+05    2.75414E-02
      368.44704    1.26434E+05    2.75456E-02
      369.52753    1.26832E+05    2.76926E-02
      370.60802    1.26834E+05    2.77537E-02
      371.68851    1.25822E+05    2.75925E-02
      372.76900    1.25166E+05    2.75091E-02
      373.84949    1.25303E+05    2.75998E-02
      374.92998    1.25056E+05    2.76061E-02
      376.01047    1.24554E+05    2.75561E-02
      377.09096    1.24620E+05    2.76320E-02
      378.17145    1.24407E+05    2.76461E-02
      379.25194    1.23720E+05    2.75546E-02
      380.33243    1.23631E+05    2.75962E-02
      381.41292    1.23849E+05    2.77066E-02
      382.49341    1.23354E+05    2.76578E-02
      383.57390    1.22405E+05    2.75067E-02
      384.65439    1.22330E+05    2.75518E-02
      385.73488    1.22813E+05    2.77229E-02
      386.81537    1.22196E+05    2.76461E-02
      387.89586    1.21380E+05    2.75237E-02
      388.97635    1.21614E+05    2.76396E-02
      390.05684    1.21581E+05    2.76949E-02
      391.13733    1.20709E+05    2.75592E-02
      392.21782    1.20296E+05    2.75277E-02
      393.29831    1.20555E+05    2.76503E-02
      394.37880    1.20595E+05    2.77231E-02
      395.45929    1.19967E+05    2.76423E-02
      396.53978    1.19430E+05    2.75820E-02
      397.62027    1.19352E+05    2.76278E-02
      398.70076    1.19406E+05    2.77044E-02
      399.78125    1.18723E+05    2.76100E-02
      400.86174    1.18277E+05    2.75704E-02
      401.94223    1.18437E+05    2.76722E-02
      403.02272    1.18186E+05    2.76781E-02
      404.10321    1.17434E+05    2.75667E-02
      405.18370    1.17431E+05    2.76308E-02
      406.26419    1.17497E+05    2.77116E-02
      407.34468    1.16839E+05    2.76214E-02
      408.42517    1.16366E+05    2.75748E-02
      409.50566    1.16378E+05    2.76433E-02
      410.58615    1.16201E+05    2.76668E-02
      411.66664    1.15571E+05    2.75826E-02
      412.74713    1.15078E+05    2.75307E-02
      413.82762    1.15464E+05    2.76893E-02
      414.90811    1.15468E+05    2.77567E-02
      415.98860    1.14756E+05    2.76522E-02
      417.06909    1.14028E+05    2.75429E-02
      418.14958    1.13782E+05    2.75502E-02
      419.23006    1.14125E+05    2.77003E-02
      420.31055    1.14155E+05    2.77750E-02
      421.39104    1.13249E+05    2.76217E-02
      422.47153    1.12674E+05    2.75487E-02
      423.55202    1.12860E+05    2.76617E-02
      424.63251    1.12876E+05    2.77337E-02
      425.71300    1.12309E+05    2.76624E-02
      426.79349    1.11865E+05    2.76211E-02
      427.87398    1.11811E+05    2.76761E-02
      428.95447    1.11714E+05    2.77207E-02
      430.03496    1.11177E+05    2.76560E-02
      431.11545    1.10669E+05    2.75984E-02
      432.19594    1.10652E+05    2.76630E-02
      433.27643    1.10523E+05    2.77000E-02
      434.35692    1.10139E+05    2.76731E-02
      435.43741    1.09663E+05    2.76228E-02
      436.51790    1.09343E+05    2.76118E-02
      437.59839    1.09333E+05    2.76793E-02
      438.67888    1.09276E+05    2.77351E-02
      439.75937    1.08629E+05    2.76410E-02
      440.83986    1.08200E+05    2.76021E-02
      441.92035    1.08473E+05    2.77424E-02
      443.00084    1.08383E+05    2.77904E-02
      444.08133    1.07601E+05    2.76609E-02
      445.16182    1.06979E+05    2.75719E-02
      446.24231    1.07025E+05    2.76550E-02
      447.32280    1.07270E+05    2.77901E-02
      448.40329    1.06836E+05    2.77496E-02
      449.48378    1.06076E+05    2.76241E-02
      450.56427    1.05994E+05    2.76747E-02
      451.64476    1.05811E+05    2.76993E-02
      452.72525    1.05505E+05    2.76917E-02
      453.80574    1.05268E+05    2.77022E-02
      454.88623    1.05040E+05    2.77150E-02
      455.96672    1.04529E+05    2.76533E-02
      457.04721    1.04010E+05    2.75889E-02
      458.12770    1.04028E+05    2.76670E-02
      459.20819    1.04041E+05    2.77442E-02
      460.28868    1.03739E+05    2.77376E-02
      461.36917    1.03313E+05    2.76980E-02
      462.44966    1.02942E+05    2.76727E-02
      463.53015    1.02720E+05    2.76873E-02
      464.61064    1.02644E+05    2.77416E-02
      465.69113    1.02171E+05    2.76886E-02
      466.77162    1.01614E+05    2.76126E-02
      467.85211    1.01607E+05    2.76859E-02
      468.93260    1.01703E+05    2.77878E-02
      470.01309    1.01233E+05    2.77350E-02
      471.09358    1.00612E+05    2.76407E-02
      472.17407    1.00515E+05    2.76901E-02
      473.25456    1.00384E+05    2.77303E-02
      474.33505    9.98203E+04    2.76510E-02
      475.41554    9.97047E+04    2.76957E-02
      476.49603    9.95812E+04    2.77385E-02
      477.57652    9.90497E+04    2.76675E-02
      478.65701    9.88969E+04    2.77022E-02
      479.73750    9.90500E+04    2.78230E-02
      480.81799    9.85879E+04    2.77712E-02
      481.89848    9.77060E+04    2.76006E-02
      482.97897    9.75655E+04    2.76390E-02
      484.05946    9.80288E+04    2.78491E-02
      485.13995    9.76949E+04    2.78333E-02
      486.22044    9.67298E+04    2.76371E-02
      487.30093    9.66080E+04    2.76814E-02
      488.38142    9.69308E+04    2.78537E-02
      489.46191    9.65300E+04    2.78185E-02
      490.54240    9.57791E+04    2.76818E-02
      491.62289    9.53050E+04    2.76246E-02
      492.70338    9.53678E+04    2.77232E-02
      493.78387    9.55588E+04    2.78597E-02
      494.86435    9.49560E+04    2.77649E-02
      495.94484    9.41378E+04    2.76064E-02
      497.02533    9.42038E+04    2.77070E-02
      498.10582    9.45095E+04    2.78789E-02
      499.18631    9.37928E+04    2.77494E-02
      500.26680    9.29245E+04    2.75740E-02
      501.34729    9.30331E+04    2.76884E-02
      502.42778    9.33321E+04    2.78603E-02
      503.50827    9.27742E+04    2.77767E-02
      504.58876    9.19817E+04    2.76221E-02
      505.66925    9.19585E+04    2.76983E-02
      506.74974    9.22154E+04    2.78596E-02
      507.83023    9.17633E+04    2.78071E-02
      508.91072    9.10253E+04    2.76673E-02
      509.99121    9.09143E+04    2.77178E-02
      511.07170    9.07025E+04    2.77378E-02
      512.15219    9.03969E+04    2.77291E-02
      513.23268    9.03292E+04    2.77936E-02
      514.31317    9.00105E+04    2.77810E-02
      515.39366    8.96044E+04    2.77413E-02
      516.47415    8.93277E+04    2.77415E-02
      517.55464    8.91125E+04    2.77609E-02
      518.63513    8.88461E+04    2.77644E-02
      519.71562    8.84796E+04    2.77366E-02
      520.79611    8.80849E+04    2.76996E-02
      521.87660    8.80339E+04    2.77709E-02
      522.95709    8.79241E+04    2.78241E-02
      524.03758    8.73803E+04    2.77398E-02
      525.11807    8.72155E+04    2.77756E-02
      526.19856    8.71859E+04    2.78549E-02
      527.27905    8.66213E+04    2.77632E-02
      528.35954    8.60115E+04    2.76564E-02
      529.44003    8.62839E+04    2.78335E-02
      530.52052    8.65192E+04    2.79997E-02
      531.60101    8.56729E+04    2.78159E-02
      532.68150    8.48562E+04    2.76404E-02
      533.76199    8.49936E+04    2.77757E-02
      534.84248    8.52984E+04    2.79667E-02
      535.92297    8.47986E+04    2.78943E-02
      537.00346    8.39938E+04    2.77207E-02
      538.08395    8.38585E+04    2.77677E-02
      539.16444    8.39314E+04    2.78842E-02
      540.24493    8.36233E+04    2.78744E-02
      541.32542    8.30604E+04    2.77794E-02
      542.40591    8.28099E+04    2.77886E-02
      543.48640    8.29247E+04    2.79208E-02
      544.56689    8.25744E+04    2.78968E-02
      545.64738    8.17751E+04    2.77204E-02
      546.72787    8.16045E+04    2.77566E-02
      547.80836    8.19161E+04    2.79577E-02
      548.88885    8.16542E+04    2.79638E-02
      549.96934    8.08007E+04    2.77666E-02
      551.04983    8.05057E+04    2.77606E-02
      552.13032    8.07436E+04    2.79390E-02
      553.21081    8.04520E+04    2.79347E-02
      554.29130    7.98692E+04    2.78290E-02
      555.37179    7.96904E+04    2.78638E-02
      556.45228    7.95157E+04    2.79002E-02
      557.53277    7.91153E+04    2.78575E-02
      558.61326    7.89158E+04    2.78855E-02
      559.69375    7.86760E+04    2.78993E-02
      560.77424    7.82542E+04    2.78485E-02
      561.85473    7.79824E+04    2.78509E-02
      562.93522    7.78989E+04    2.79207E-02
      564.01571    7.76073E+04    2.79163E-02
      565.09620    7.70795E+04    2.78265E-02
      566.17669    7.68464E+04    2.78429E-02
      567.25718    7.69337E+04    2.79759E-02
      568.33767    7.66705E+04    2.79819E-02
      569.41816    7.59858E+04    2.78336E-02
      570.49865    7.58522E+04    2.78868E-02
      571.57913    7.59005E+04    2.80076E-02
      572.65962    7.54497E+04    2.79443E-02
      573.74011    7.47628E+04    2.77928E-02
      574.82060    7.45634E+04    2.78222E-02
      575.90109    7.47252E+04    2.79870E-02
      576.98158    7.46213E+04    2.80531E-02
      578.06207    7.38663E+04    2.78741E-02
      579.14256    7.33185E+04    2.77721E-02
      580.22305    7.34633E+04    2.79328E-02
      581.30354    7.34995E+04    2.80533E-02
      582.38403    7.29428E+04    2.79474E-02
      583.46452    7.24759E+04    2.78753E-02
      584.54501    7.22057E+04    2.78786E-02
      585.62550    7.20968E+04    2.79445E-02
      586.70599    7.18933E+04    2.79741E-02
      587.78648    7.14136E+04    2.78959E-02
      588.86697    7.11327E+04    2.78952E-02
      589.94746    7.11976E+04    2.80306E-02
      591.02795    7.08495E+04    2.80037E-02
      592.10844    7.02943E+04    2.78946E-02
      593.18893    7.00555E+04    2.79106E-02
      594.26942    6.98193E+04    2.79277E-02
      595.34991    6.94976E+04    2.79107E-02
      596.43040    6.95844E+04    2.80582E-02
      597.51089    6.94051E+04    2.80992E-02
      598.59138    6.88447E+04    2.79856E-02
      599.67187    6.85100E+04    2.79633E-02
      600.75236    6.80995E+04    2.79096E-02
      601.83285    6.78493E+04    2.79215E-02
      602.91334    6.79945E+04    2.80969E-02
      603.99383    6.77692E+04    2.81200E-02
      605.07432    6.70260E+04    2.79275E-02
      606.15481    6.67470E+04    2.79276E-02
      607.23530    6.68301E+04    2.80799E-02
      608.31579    6.64998E+04    2.80590E-02
      609.39628    6.59504E+04    2.79451E-02
      610.47677    6.57987E+04    2.79995E-02
      611.55726    6.56770E+04    2.80671E-02
      612.63775    6.52878E+04    2.80205E-02
      613.71824    6.48637E+04    2.79585E-02
      614.79873    6.46063E+04    2.79681E-02
      615.87922    6.47321E+04    2.81444E-02
      616.95971    6.45476E+04    2.81867E-02
      618.04020    6.39513E+04    2.80488E-02
      619.12069    6.36601E+04    2.80441E-02
      620.20118    6.33071E+04    2.80120E-02
      621.28167    6.29597E+04    2.79821E-02
      622.36216    6.28949E+04    2.80781E-02
      623.44265    6.27083E+04    2.81203E-02
      624.52314    6.22495E+04    2.80403E-02
      625.60363    6.19240E+04    2.80199E-02
      626.68412    6.17280E+04    2.80582E-02
      627.76461    6.14725E+04    2.80696E-02
      628.84510    6.14737E+04    2.81989E-02
      629.92559    6.12675E+04    2.82339E-02
      631.00608    6.04518E+04    2.79869E-02
      632.08657    6.02065E+04    2.80030E-02
      633.16706    6.04542E+04    2.82496E-02
      634.24755    5.99232E+04    2.81330E-02
      635.32804    5.92408E+04    2.79438E-02
      636.40853    5.92047E+04    2.80591E-02
      637.48902    5.93262E+04    2.82506E-02
      638.56951    5.89179E+04    2.81904E-02
      639.65000    5.84276E+04    2.80902E-02
      640.73049    5.83984E+04    2.82118E-02
      641.81098    5.80671E+04    2.81879E-02
      642.89147    5.74911E+04    2.80445E-02
      643.97196    5.73640E+04    2.81196E-02
      645.05245    5.75018E+04    2.83260E-02
      646.13294    5.70467E+04    2.82409E-02
      647.21342    5.63518E+04    2.80357E-02
      648.29391    5.61838E+04    2.80919E-02
