BEHD @ YYE. Sim. done on 2023-10-27   17h 7
### Sim. w/ κ =    0.500 ; and ∆_0 =  2.00; T =    2.98E+05
 ## r =  1.00E-06 ; rhosty =  1.05E+03 ; rhosol =  1.00E+03
 ## k =  2.00 ; ∆_eq =  2.00 ; num_particle =    1000
Time         sumz         <∆z^2>
        0.10805    3.14031E+03    4.48680E-04
        0.21610    1.19536E+04    1.70814E-03
        0.32415    2.57065E+04    3.67393E-03
        0.43220    4.35732E+04    6.22830E-03
        0.54024    6.46688E+04    9.24500E-03
        0.64829    8.80813E+04    1.25938E-02
        0.75634    1.12901E+05    1.61449E-02
        0.86439    1.38249E+05    1.97725E-02
        0.97244    1.63298E+05    2.33584E-02
        1.08049    1.87296E+05    2.67948E-02
        1.18854    2.09580E+05    2.99871E-02
        1.29659    2.29592E+05    3.28552E-02
        1.40464    2.46887E+05    3.53352E-02
        1.51269    2.61138E+05    3.73802E-02
        1.62073    2.72142E+05    3.89609E-02
        1.72878    2.79815E+05    4.00651E-02
        1.83683    2.84186E+05    4.06968E-02
        1.94488    2.85387E+05    4.08747E-02
        2.05293    2.83638E+05    4.06300E-02
        2.16098    2.79222E+05    4.00032E-02
        2.26903    2.72481E+05    3.90430E-02
        2.37708    2.63799E+05    3.78044E-02
        2.48513    2.53592E+05    3.63469E-02
        2.59318    2.42290E+05    3.47319E-02
        2.70122    2.30324E+05    3.30214E-02
        5.40245    2.06648E+05    2.97336E-02
       10.80490    1.89809E+05    2.75085E-02
       16.20735    1.87560E+05    2.73811E-02
       21.60980    1.86953E+05    2.74930E-02
       27.01225    1.85762E+05    2.75204E-02
       32.41470    1.84052E+05    2.74705E-02
       37.81715    1.82871E+05    2.74994E-02
       43.21959    1.81294E+05    2.74688E-02
       48.62204    1.80099E+05    2.74960E-02
       54.02449    1.78521E+05    2.74648E-02
       59.42694    1.77599E+05    2.75347E-02
       64.82939    1.75989E+05    2.74982E-02
       70.23184    1.74582E+05    2.74932E-02
       75.63429    1.73066E+05    2.74708E-02
       81.03674    1.71529E+05    2.74446E-02
       86.43919    1.70531E+05    2.75049E-02
       91.84164    1.69190E+05    2.75106E-02
       97.24409    1.67865E+05    2.75188E-02
      102.64654    1.66317E+05    2.74904E-02
      108.04899    1.64629E+05    2.74382E-02
      113.45144    1.63672E+05    2.75079E-02
      118.85388    1.62395E+05    2.75246E-02
      124.25633    1.60750E+05    2.74786E-02
      129.65878    1.59523E+05    2.75040E-02
      135.06123    1.58013E+05    2.74805E-02
      140.46368    1.57213E+05    2.75813E-02
      145.86613    1.55705E+05    2.75585E-02
      151.26858    1.54189E+05    2.75337E-02
      156.67103    1.52856E+05    2.75416E-02
      162.07348    1.51387E+05    2.75249E-02
      167.47593    1.50480E+05    2.76110E-02
      172.87838    1.48458E+05    2.74923E-02
      178.28083    1.47650E+05    2.75982E-02
      183.68328    1.45962E+05    2.75400E-02
      189.08573    1.44582E+05    2.75395E-02
      194.48817    1.43606E+05    2.76166E-02
      199.89062    1.42467E+05    2.76634E-02
      205.29307    1.40489E+05    2.75468E-02
      210.69552    1.39376E+05    2.75991E-02
      216.09797    1.38031E+05    2.76063E-02
      221.50042    1.36946E+05    2.76659E-02
      226.90287    1.35062E+05    2.75637E-02
      232.30532    1.33477E+05    2.75210E-02
      237.70777    1.32777E+05    2.76619E-02
      243.11022    1.31236E+05    2.76286E-02
      248.51267    1.29556E+05    2.75651E-02
      253.91512    1.28449E+05    2.76235E-02
      259.31757    1.26920E+05    2.75914E-02
      264.72002    1.25556E+05    2.75948E-02
      270.12246    1.24430E+05    2.76511E-02
      275.52491    1.22785E+05    2.75921E-02
      280.92736    1.21287E+05    2.75652E-02
      286.32981    1.20591E+05    2.77221E-02
      291.73226    1.18832E+05    2.76354E-02
      297.13471    1.17299E+05    2.75998E-02
      302.53716    1.16423E+05    2.77198E-02
      307.93961    1.14888E+05    2.76838E-02
      313.34206    1.13416E+05    2.76625E-02
      318.74451    1.12356E+05    2.77423E-02
      324.14696    1.10563E+05    2.76406E-02
      329.54941    1.09247E+05    2.76575E-02
      334.95186    1.08303E+05    2.77700E-02
      340.35431    1.06494E+05    2.76607E-02
      345.75675    1.05222E+05    2.76901E-02
      351.15920    1.04127E+05    2.77671E-02
      356.56165    1.02638E+05    2.77401E-02
      361.96410    1.01124E+05    2.77052E-02
      367.36655    9.98850E+04    2.77458E-02
      372.76900    9.87791E+04    2.78251E-02
      378.17145    9.72992E+04    2.77998E-02
      383.57390    9.59975E+04    2.78254E-02
      388.97635    9.48242E+04    2.78895E-02
      394.37880    9.29849E+04    2.77567E-02
      399.78125    9.20041E+04    2.78800E-02
      405.18370    9.02335E+04    2.77641E-02
      410.58615    8.90891E+04    2.78403E-02
      415.98860    8.77612E+04    2.78607E-02
      421.39104    8.63382E+04    2.78510E-02
      426.79349    8.54140E+04    2.80046E-02
      432.19594    8.35672E+04    2.78557E-02
      437.59839    8.22098E+04    2.78677E-02
      443.00084    8.09228E+04    2.79044E-02
      448.40329    7.89931E+04    2.77169E-02
      453.80574    7.82759E+04    2.79557E-02
      459.20819    7.69809E+04    2.79930E-02
      464.61064    7.58563E+04    2.80949E-02
      470.01309    7.41557E+04    2.79833E-02
      475.41554    7.26466E+04    2.79410E-02
      480.81799    7.12295E+04    2.79331E-02
      486.22044    6.97442E+04    2.78977E-02
      491.62289    6.84651E+04    2.79449E-02
      497.02533    6.73401E+04    2.80584E-02
      502.42778    6.59798E+04    2.80765E-02
      507.83023    6.43588E+04    2.79821E-02
      513.23268    6.32232E+04    2.80992E-02
      518.63513    6.15431E+04    2.79741E-02
      524.03758    6.03272E+04    2.80592E-02
      529.44003    5.92761E+04    2.82267E-02
      534.84248    5.74261E+04    2.80127E-02
      540.24493    5.63860E+04    2.81930E-02
      545.64738    5.52002E+04    2.83078E-02
      551.04983    5.35770E+04    2.81984E-02
      556.45228    5.24215E+04    2.83359E-02
      561.85473    5.09280E+04    2.82933E-02
      567.25718    4.96462E+04    2.83693E-02
      572.65962    4.82811E+04    2.84006E-02
      578.06207    4.68764E+04    2.84099E-02
      583.46452    4.55125E+04    2.84453E-02
      588.86697    4.42859E+04    2.85716E-02
      594.26942    4.27171E+04    2.84781E-02
