BEHD @ YYE. Sim. done on 2023-10-27   17h28
### Sim. w/ κ =    0.000 ; and ∆_0 =  2.00; T =    2.98E+05
 ## r =  1.00E-06 ; rhosty =  1.05E+03 ; rhosol =  1.00E+03
 ## k =  2.00 ; ∆_eq =  2.00 ; num_particle =    1000
Time         sumz         <∆z^2>
        0.10805    2.65389E+03    3.31777E-04
        0.21610    1.02421E+04    1.28058E-03
        0.32415    2.22971E+04    2.78819E-03
        0.43220    3.82740E+04    4.78665E-03
        0.54024    5.75671E+04    7.20039E-03
        0.64829    7.95266E+04    9.94829E-03
        0.75634    1.03477E+05    1.29460E-02
        0.86439    1.28735E+05    1.61080E-02
        0.97244    1.54626E+05    1.93500E-02
        1.08049    1.80499E+05    2.25906E-02
        1.18854    2.05743E+05    2.57533E-02
        1.29659    2.29797E+05    2.87678E-02
        1.40464    2.52163E+05    3.15716E-02
        1.51269    2.72412E+05    3.41112E-02
        1.62073    2.90194E+05    3.63424E-02
        1.72878    3.05238E+05    3.82312E-02
        1.83683    3.17352E+05    3.97535E-02
        1.94488    3.26430E+05    4.08958E-02
        2.05293    3.32441E+05    4.16540E-02
        2.16098    3.35428E+05    4.20336E-02
        2.26903    3.35504E+05    4.20484E-02
        2.37708    3.32840E+05    4.17197E-02
        2.48513    3.27662E+05    4.10759E-02
        2.59318    3.20243E+05    4.01508E-02
        2.70122    3.10887E+05    3.89827E-02
        3.24147    2.47139E+05    3.10087E-02
        3.78171    1.85840E+05    2.33321E-02
        4.32196    1.56459E+05    1.96557E-02
        4.86220    1.65055E+05    2.07486E-02
        5.40245    1.97396E+05    2.48297E-02
        5.94269    2.31201E+05    2.91002E-02
        6.48294    2.49223E+05    3.13883E-02
        7.02318    2.46583E+05    3.10754E-02
        7.56343    2.29950E+05    2.89975E-02
        8.10367    2.11173E+05    2.66464E-02
        8.64392    2.00067E+05    2.52610E-02
        9.18416    2.00042E+05    2.52738E-02
        9.72441    2.08143E+05    2.63139E-02
       10.26465    2.18160E+05    2.75977E-02
       10.80490    2.24516E+05    2.84197E-02
       11.34514    2.24895E+05    2.84857E-02
       11.88539    2.20554E+05    2.79537E-02
       12.42563    2.14860E+05    2.72492E-02
       12.96588    2.11021E+05    2.67793E-02
       13.50612    2.10427E+05    2.67209E-02
       14.04637    2.12380E+05    2.69860E-02
       14.58661    2.15091E+05    2.73479E-02
       15.12686    2.16934E+05    2.75998E-02
       15.66710    2.17179E+05    2.76485E-02
       16.20735    2.16073E+05    2.75252E-02
       16.74759    2.14480E+05    2.73397E-02
       17.28784    2.13310E+05    2.72080E-02
       17.82808    2.12987E+05    2.71841E-02
       18.36833    2.13381E+05    2.72518E-02
       18.90857    2.14028E+05    2.73519E-02
       19.44882    2.14441E+05    2.74221E-02
       19.98906    2.14390E+05    2.74331E-02
       20.52931    2.13924E+05    2.73911E-02
       21.06955    2.13283E+05    2.73265E-02
       21.60980    2.12746E+05    2.72751E-02
       22.15004    2.12508E+05    2.72621E-02
       22.69029    2.12576E+05    2.72883E-02
       23.23053    2.12848E+05    2.73408E-02
       23.77078    2.13154E+05    2.73977E-02
       24.31102    2.13244E+05    2.74269E-02
       24.85127    2.13012E+05    2.74147E-02
       25.39151    2.12548E+05    2.73726E-02
       25.93176    2.12027E+05    2.73231E-02
       26.47200    2.11594E+05    2.72848E-02
       27.01225    2.11388E+05    2.72759E-02
       27.55249    2.11433E+05    2.72993E-02
       28.09274    2.11600E+05    2.73386E-02
       28.63298    2.11717E+05    2.73713E-02
       29.17323    2.11679E+05    2.73841E-02
       29.71347    2.11490E+05    2.73773E-02
       30.25372    2.11251E+05    2.73641E-02
       30.79396    2.11068E+05    2.73581E-02
       31.33421    2.10924E+05    2.73572E-02
       31.87445    2.10694E+05    2.73450E-02
       32.41470    2.10365E+05    2.73201E-02
       32.95494    2.10114E+05    2.73053E-02
       33.49519    2.10030E+05    2.73121E-02
       34.03543    2.10080E+05    2.73363E-02
       34.57568    2.10184E+05    2.73677E-02
       35.11592    2.10208E+05    2.73887E-02
       35.65617    2.10124E+05    2.73956E-02
       36.19641    2.09946E+05    2.73902E-02
       36.73666    2.09688E+05    2.73744E-02
       37.27690    2.09372E+05    2.73510E-02
       37.81715    2.09052E+05    2.73270E-02
       38.35739    2.08832E+05    2.73162E-02
       38.89763    2.08786E+05    2.73281E-02
       39.43788    2.08902E+05    2.73611E-02
       39.97812    2.09056E+05    2.73993E-02
       40.51837    2.09128E+05    2.74266E-02
       41.05861    2.09008E+05    2.74288E-02
       41.59886    2.08595E+05    2.73927E-02
       42.13910    2.07967E+05    2.73281E-02
       42.67935    2.07375E+05    2.72682E-02
       43.21959    2.07073E+05    2.72464E-02
       43.75984    2.07170E+05    2.72772E-02
       44.30008    2.07587E+05    2.73501E-02
       44.84033    2.08057E+05    2.74301E-02
       45.38057    2.08248E+05    2.74734E-02
       45.92082    2.08006E+05    2.74595E-02
       46.46106    2.07455E+05    2.74049E-02
       47.00131    2.06863E+05    2.73448E-02
       47.54155    2.06466E+05    2.73103E-02
       48.08180    2.06352E+05    2.73133E-02
       48.62204    2.06481E+05    2.73485E-02
       49.16229    2.06736E+05    2.74004E-02
       49.70253    2.06925E+05    2.74437E-02
       50.24278    2.06860E+05    2.74533E-02
       50.78302    2.06494E+05    2.74228E-02
       51.32327    2.05939E+05    2.73673E-02
       51.86351    2.05422E+05    2.73168E-02
       52.40376    2.05144E+05    2.72980E-02
       52.94400    2.05170E+05    2.73196E-02
       53.48425    2.05394E+05    2.73676E-02
       54.02449    2.05599E+05    2.74131E-02
       54.56474    2.05566E+05    2.74271E-02
       55.10498    2.05274E+05    2.74064E-02
       55.64523    2.04810E+05    2.73627E-02
       56.18547    2.04311E+05    2.73143E-02
       56.72572    2.03947E+05    2.72839E-02
       57.26596    2.03826E+05    2.72859E-02
       57.80621    2.03972E+05    2.73237E-02
       58.34645    2.04251E+05    2.73795E-02
       58.88670    2.04428E+05    2.74216E-02
       59.42694    2.04317E+05    2.74251E-02
       59.96719    2.03916E+05    2.73897E-02
       60.50743    2.03359E+05    2.73333E-02
       61.04768    2.02866E+05    2.72853E-02
       61.58792    2.02646E+05    2.72740E-02
       62.12817    2.02763E+05    2.73081E-02
       62.66841    2.03080E+05    2.73693E-02
       63.20866    2.03321E+05    2.74202E-02
       63.74890    2.03240E+05    2.74278E-02
       64.28915    2.02845E+05    2.73929E-02
       64.82939    2.02398E+05    2.73511E-02
       65.36964    2.02140E+05    2.73346E-02
       65.90988    2.02117E+05    2.73500E-02
       66.45013    2.02194E+05    2.73789E-02
       66.99037    2.02184E+05    2.73962E-02
       67.53062    2.02009E+05    2.73911E-02
       68.07086    2.01727E+05    2.73714E-02
       68.61111    2.01475E+05    2.73557E-02
       69.15135    2.01318E+05    2.73529E-02
       69.69160    2.01262E+05    2.73639E-02
       70.23184    2.01234E+05    2.73788E-02
       70.77209    2.01138E+05    2.73844E-02
       71.31233    2.00910E+05    2.73719E-02
       71.85258    2.00527E+05    2.73384E-02
       72.39282    2.00091E+05    2.72976E-02
       72.93307    1.99860E+05    2.72846E-02
       73.47331    1.99982E+05    2.73199E-02
       74.01356    2.00291E+05    2.73809E-02
       74.55380    2.00459E+05    2.74225E-02
       75.09405    2.00346E+05    2.74259E-02
       75.63429    1.99992E+05    2.73962E-02
       76.17453    1.99515E+05    2.73495E-02
       76.71478    1.99096E+05    2.73109E-02
       77.25502    1.98880E+05    2.72999E-02
       77.79527    1.98851E+05    2.73146E-02
       78.33551    1.98941E+05    2.73459E-02
       78.87576    1.99024E+05    2.73761E-02
       79.41600    1.99006E+05    2.73924E-02
       79.95625    1.98910E+05    2.73981E-02
       80.49649    1.98774E+05    2.73982E-02
       81.03674    1.98613E+05    2.73949E-02
       81.57698    1.98402E+05    2.73847E-02
       82.11723    1.98120E+05    2.73646E-02
       82.65747    1.97778E+05    2.73362E-02
       83.19772    1.97494E+05    2.73159E-02
       83.73796    1.97404E+05    2.73224E-02
       84.27821    1.97523E+05    2.73578E-02
       84.81845    1.97751E+05    2.74083E-02
       85.35870    1.97879E+05    2.74451E-02
       85.89894    1.97690E+05    2.74379E-02
       86.43919    1.97138E+05    2.73803E-02
       86.97943    1.96449E+05    2.73035E-02
       87.51968    1.95984E+05    2.72578E-02
       88.05992    1.95936E+05    2.72702E-02
       88.60017    1.96220E+05    2.73287E-02
       89.14041    1.96566E+05    2.73959E-02
       89.68066    1.96701E+05    2.74339E-02
       90.22090    1.96513E+05    2.74267E-02
       90.76115    1.96119E+05    2.73909E-02
       91.30139    1.95686E+05    2.73496E-02
       91.84164    1.95380E+05    2.73258E-02
       92.38188    1.95255E+05    2.73275E-02
       92.92213    1.95260E+05    2.73474E-02
       93.46237    1.95281E+05    2.73694E-02
       94.00262    1.95177E+05    2.73740E-02
       94.54286    1.94944E+05    2.73605E-02
       95.08311    1.94701E+05    2.73456E-02
       95.62335    1.94560E+05    2.73450E-02
       96.16360    1.94552E+05    2.73632E-02
       96.70384    1.94620E+05    2.73920E-02
       97.24409    1.94606E+05    2.74093E-02
       97.78433    1.94419E+05    2.74023E-02
       98.32458    1.94113E+05    2.73785E-02
       98.86482    1.93730E+05    2.73437E-02
       99.40507    1.93356E+05    2.73102E-02
       99.94531    1.93125E+05    2.72968E-02
      100.48556    1.93111E+05    2.73142E-02
      101.02580    1.93276E+05    2.73568E-02
      101.56605    1.93471E+05    2.74038E-02
      102.10629    1.93571E+05    2.74374E-02
      102.64654    1.93472E+05    2.74428E-02
      103.18678    1.93111E+05    2.74111E-02
      103.72703    1.92591E+05    2.73567E-02
      104.26727    1.92081E+05    2.73036E-02
      104.80752    1.91749E+05    2.72759E-02
      105.34776    1.91686E+05    2.72863E-02
      105.88801    1.91842E+05    2.73280E-02
      106.42825    1.92016E+05    2.73722E-02
      106.96850    1.92055E+05    2.73973E-02
      107.50874    1.91934E+05    2.73996E-02
      108.04899    1.91707E+05    2.73868E-02
      108.58923    1.91463E+05    2.73713E-02
      109.12948    1.91289E+05    2.73661E-02
      109.66972    1.91206E+05    2.73739E-02
      110.20997    1.91126E+05    2.73820E-02
      110.75021    1.90968E+05    2.73790E-02
      111.29046    1.90725E+05    2.73637E-02
      111.83070    1.90444E+05    2.73430E-02
      112.37095    1.90228E+05    2.73316E-02
      112.91119    1.90127E+05    2.73367E-02
      113.45144    1.90118E+05    2.73551E-02
      113.99168    1.90100E+05    2.73723E-02
      114.53192    1.90012E+05    2.73792E-02
      115.07217    1.89826E+05    2.73722E-02
      115.61241    1.89560E+05    2.73535E-02
      116.15266    1.89341E+05    2.73417E-02
      116.69290    1.89258E+05    2.73494E-02
      117.23315    1.89236E+05    2.73661E-02
      117.77339    1.89166E+05    2.73757E-02
      118.31364    1.88980E+05    2.73686E-02
      118.85388    1.88720E+05    2.73507E-02
      119.39413    1.88506E+05    2.73395E-02
      119.93437    1.88398E+05    2.73436E-02
      120.47462    1.88359E+05    2.73578E-02
      121.01486    1.88297E+05    2.73687E-02
      121.55511    1.88152E+05    2.73676E-02
      122.09535    1.87936E+05    2.73561E-02
      122.63560    1.87741E+05    2.73475E-02
      123.17584    1.87682E+05    2.73589E-02
      123.71609    1.87760E+05    2.73903E-02
      124.25633    1.87827E+05    2.74200E-02
      124.79658    1.87740E+05    2.74273E-02
      125.33682    1.87446E+05    2.74044E-02
      125.87707    1.87035E+05    2.73642E-02
      126.41731    1.86704E+05    2.73359E-02
      126.95756    1.86630E+05    2.73451E-02
      127.49780    1.86798E+05    2.73897E-02
      128.03805    1.86974E+05    2.74356E-02
      128.57829    1.86889E+05    2.74432E-02
      129.11854    1.86454E+05    2.73995E-02
      129.65878    1.85874E+05    2.73343E-02
      130.19903    1.85463E+05    2.72940E-02
      130.73927    1.85408E+05    2.73061E-02
      131.27952    1.85639E+05    2.73603E-02
      131.81976    1.85924E+05    2.74223E-02
      132.36001    1.86056E+05    2.74622E-02
      132.90025    1.85915E+05    2.74616E-02
      133.44050    1.85469E+05    2.74159E-02
      133.98074    1.84906E+05    2.73530E-02
      134.52099    1.84503E+05    2.73135E-02
      135.06123    1.84388E+05    2.73167E-02
      135.60148    1.84519E+05    2.73564E-02
      136.14172    1.84696E+05    2.74030E-02
      136.68197    1.84725E+05    2.74275E-02
      137.22221    1.84513E+05    2.74165E-02
      137.76246    1.84105E+05    2.73762E-02
      138.30270    1.83642E+05    2.73277E-02
      138.84295    1.83256E+05    2.72905E-02
      139.38319    1.83069E+05    2.72830E-02
      139.92344    1.83115E+05    2.73102E-02
      140.46368    1.83304E+05    2.73587E-02
      141.00393    1.83478E+05    2.74053E-02
      141.54417    1.83451E+05    2.74216E-02
      142.08442    1.83150E+05    2.73972E-02
      142.62466    1.82731E+05    2.73549E-02
      143.16491    1.82422E+05    2.73291E-02
      143.70515    1.82352E+05    2.73392E-02
      144.24540    1.82458E+05    2.73755E-02
      144.78564    1.82577E+05    2.74139E-02
      145.32589    1.82554E+05    2.74311E-02
      145.86613    1.82338E+05    2.74192E-02
      146.40638    1.81995E+05    2.73883E-02
      146.94662    1.81650E+05    2.73569E-02
      147.48687    1.81422E+05    2.73432E-02
      148.02711    1.81343E+05    2.73518E-02
      148.56736    1.81378E+05    2.73778E-02
      149.10760    1.81416E+05    2.74043E-02
      149.64785    1.81386E+05    2.74204E-02
      150.18809    1.81282E+05    2.74253E-02
      150.72834    1.81112E+05    2.74205E-02
      151.26858    1.80898E+05    2.74088E-02
      151.80883    1.80666E+05    2.73945E-02
      152.34907    1.80420E+05    2.73778E-02
      152.88931    1.80156E+05    2.73586E-02
      153.42956    1.79910E+05    2.73420E-02
      153.96980    1.79743E+05    2.73374E-02
      154.51005    1.79755E+05    2.73599E-02
      155.05029    1.79934E+05    2.74080E-02
      155.59054    1.80055E+05    2.74474E-02
      156.13078    1.79904E+05    2.74454E-02
      156.67103    1.79480E+05    2.74016E-02
      157.21127    1.79000E+05    2.73491E-02
      157.75152    1.78719E+05    2.73271E-02
      158.29176    1.78730E+05    2.73496E-02
      158.83201    1.78909E+05    2.73980E-02
      159.37225    1.79048E+05    2.74404E-02
      159.91250    1.78983E+05    2.74514E-02
      160.45274    1.78629E+05    2.74181E-02
      160.99299    1.78137E+05    2.73636E-02
      161.53323    1.77758E+05    2.73264E-02
      162.07348    1.77632E+05    2.73280E-02
      162.61372    1.77725E+05    2.73634E-02
      163.15397    1.77862E+05    2.74056E-02
      163.69421    1.77856E+05    2.74257E-02
      164.23446    1.77645E+05    2.74144E-02
      164.77470    1.77278E+05    2.73788E-02
      165.31495    1.76890E+05    2.73400E-02
      165.85519    1.76633E+05    2.73214E-02
      166.39544    1.76551E+05    2.73299E-02
      166.93568    1.76595E+05    2.73579E-02
      167.47593    1.76672E+05    2.73910E-02
      168.01617    1.76656E+05    2.74098E-02
      168.55642    1.76503E+05    2.74073E-02
      169.09666    1.76257E+05    2.73904E-02
      169.63691    1.76036E+05    2.73773E-02
      170.17715    1.75910E+05    2.73789E-02
      170.71740    1.75873E+05    2.73945E-02
      171.25764    1.75879E+05    2.74169E-02
      171.79789    1.75824E+05    2.74296E-02
      172.33813    1.75640E+05    2.74223E-02
      172.87838    1.75308E+05    2.73919E-02
      173.41862    1.74912E+05    2.73513E-02
      173.95887    1.74590E+05    2.73223E-02
      174.49911    1.74454E+05    2.73225E-02
      175.03936    1.74564E+05    2.73612E-02
      175.57960    1.74804E+05    2.74202E-02
      176.11985    1.74926E+05    2.74610E-02
      176.66009    1.74744E+05    2.74539E-02
      177.20034    1.74280E+05    2.74024E-02
      177.74058    1.73746E+05    2.73400E-02
      178.28083    1.73401E+05    2.73073E-02
      178.82107    1.73377E+05    2.73250E-02
      179.36132    1.73635E+05    2.73873E-02
      179.90156    1.73931E+05    2.74555E-02
      180.44181    1.74014E+05    2.74903E-02
      180.98205    1.73817E+05    2.74809E-02
      181.52230    1.73409E+05    2.74381E-02
      182.06254    1.72933E+05    2.73845E-02
      182.60279    1.72577E+05    2.73497E-02
      183.14303    1.72433E+05    2.73487E-02
      183.68328    1.72436E+05    2.73708E-02
      184.22352    1.72446E+05    2.73941E-02
      184.76377    1.72399E+05    2.74085E-02
      185.30401    1.72361E+05    2.74241E-02
      185.84426    1.72368E+05    2.74471E-02
      186.38450    1.72331E+05    2.74631E-02
      186.92475    1.72101E+05    2.74483E-02
      187.46499    1.71634E+05    2.73957E-02
      188.00524    1.71126E+05    2.73365E-02
      188.54548    1.70843E+05    2.73131E-02
      189.08573    1.70916E+05    2.73466E-02
      189.62597    1.71237E+05    2.74199E-02
      190.16622    1.71534E+05    2.74895E-02
      190.70646    1.71536E+05    2.75118E-02
      191.24670    1.71172E+05    2.74754E-02
      191.78695    1.70537E+05    2.73954E-02
      192.32719    1.69875E+05    2.73111E-02
      192.86744    1.69493E+05    2.72716E-02
      193.40768    1.69561E+05    2.73045E-02
      193.94793    1.69979E+05    2.73939E-02
      194.48817    1.70417E+05    2.74866E-02
      195.02842    1.70547E+05    2.75298E-02
      195.56866    1.70297E+05    2.75116E-02
      196.10891    1.69770E+05    2.74487E-02
      196.64915    1.69191E+05    2.73772E-02
      197.18940    1.68762E+05    2.73298E-02
      197.72964    1.68566E+05    2.73202E-02
      198.26989    1.68575E+05    2.73439E-02
      198.81013    1.68678E+05    2.73828E-02
      199.35038    1.68791E+05    2.74234E-02
      199.89062    1.68838E+05    2.74533E-02
      200.43087    1.68796E+05    2.74688E-02
      200.97111    1.68643E+05    2.74663E-02
      201.51136    1.68375E+05    2.74450E-02
      202.05160    1.68050E+05    2.74144E-02
      202.59185    1.67778E+05    2.73923E-02
      203.13209    1.67629E+05    2.73903E-02
      203.67234    1.67587E+05    2.74059E-02
      204.21258    1.67576E+05    2.74266E-02
      204.75283    1.67544E+05    2.74438E-02
      205.29307    1.67507E+05    2.74601E-02
      205.83332    1.67422E+05    2.74688E-02
      206.37356    1.67238E+05    2.74611E-02
      206.91381    1.66992E+05    2.74431E-02
      207.45405    1.66766E+05    2.74285E-02
      207.99430    1.66575E+05    2.74198E-02
      208.53454    1.66403E+05    2.74140E-02
      209.07479    1.66216E+05    2.74058E-02
      209.61503    1.66016E+05    2.73953E-02
      210.15528    1.65879E+05    2.73954E-02
      210.69552    1.65867E+05    2.74161E-02
      211.23577    1.65924E+05    2.74481E-02
      211.77601    1.65941E+05    2.74736E-02
      212.31626    1.65784E+05    2.74704E-02
      212.85650    1.65395E+05    2.74287E-02
      213.39675    1.64879E+05    2.73658E-02
      213.93699    1.64471E+05    2.73208E-02
      214.47724    1.64336E+05    2.73209E-02
      215.01748    1.64437E+05    2.73606E-02
      215.55773    1.64622E+05    2.74141E-02
      216.09797    1.64727E+05    2.74546E-02
      216.63822    1.64704E+05    2.74736E-02
      217.17846    1.64580E+05    2.74758E-02
      217.71871    1.64374E+05    2.74643E-02
      218.25895    1.64099E+05    2.74412E-02
      218.79920    1.63779E+05    2.74107E-02
      219.33944    1.63487E+05    2.73847E-02
      219.87969    1.63258E+05    2.73693E-02
      220.41993    1.63093E+05    2.73646E-02
      220.96018    1.63022E+05    2.73756E-02
      221.50042    1.63053E+05    2.74039E-02
      222.04067    1.63145E+05    2.74424E-02
      222.58091    1.63172E+05    2.74701E-02
      223.12116    1.63030E+05    2.74693E-02
      223.66140    1.62729E+05    2.74417E-02
      224.20165    1.62428E+05    2.74140E-02
      224.74189    1.62258E+05    2.74084E-02
      225.28214    1.62181E+05    2.74186E-02
      225.82238    1.62110E+05    2.74299E-02
      226.36263    1.61971E+05    2.74294E-02
      226.90287    1.61755E+05    2.74161E-02
      227.44312    1.61531E+05    2.74013E-02
      227.98336    1.61395E+05    2.74016E-02
      228.52360    1.61372E+05    2.74210E-02
      229.06385    1.61416E+05    2.74517E-02
      229.60409    1.61407E+05    2.74735E-02
      230.14434    1.61244E+05    2.74692E-02
      230.68458    1.60935E+05    2.74399E-02
      231.22483    1.60556E+05    2.73986E-02
      231.76507    1.60245E+05    2.73689E-02
      232.30532    1.60114E+05    2.73698E-02
      232.84556    1.60137E+05    2.73972E-02
      233.38581    1.60223E+05    2.74354E-02
      233.92605    1.60250E+05    2.74635E-02
      234.46630    1.60151E+05    2.74701E-02
      235.00654    1.59889E+05    2.74488E-02
      235.54679    1.59522E+05    2.74093E-02
      236.08703    1.59206E+05    2.73785E-02
      236.62728    1.59061E+05    2.73770E-02
      237.16752    1.59129E+05    2.74123E-02
      237.70777    1.59331E+05    2.74709E-02
      238.24801    1.59452E+05    2.75154E-02
      238.78826    1.59353E+05    2.75221E-02
      239.32850    1.59004E+05    2.74856E-02
      239.86875    1.58505E+05    2.74231E-02
      240.40899    1.58064E+05    2.73704E-02
      240.94924    1.57867E+05    2.73600E-02
      241.48948    1.57911E+05    2.73914E-02
      242.02973    1.58055E+05    2.74400E-02
      242.56997    1.58163E+05    2.74827E-02
      243.11022    1.58142E+05    2.75030E-02
      243.65046    1.57951E+05    2.74937E-02
      244.19071    1.57653E+05    2.74656E-02
      244.73095    1.57329E+05    2.74331E-02
      245.27120    1.57100E+05    2.74171E-02
      245.81144    1.57005E+05    2.74245E-02
      246.35169    1.56992E+05    2.74461E-02
      246.89193    1.56972E+05    2.74667E-02
      247.43218    1.56846E+05    2.74686E-02
      247.97242    1.56648E+05    2.74581E-02
      248.51267    1.56416E+05    2.74414E-02
      249.05291    1.56237E+05    2.74340E-02
      249.59316    1.56155E+05    2.74437E-02
      250.13340    1.56089E+05    2.74563E-02
      250.67365    1.55932E+05    2.74528E-02
      251.21389    1.55690E+05    2.74344E-02
      251.75414    1.55451E+05    2.74164E-02
      252.29438    1.55277E+05    2.74099E-02
      252.83463    1.55208E+05    2.74219E-02
      253.37487    1.55239E+05    2.74517E-02
      253.91512    1.55287E+05    2.74845E-02
      254.45536    1.55246E+05    2.75016E-02
      254.99561    1.55029E+05    2.74874E-02
      255.53585    1.54655E+05    2.74454E-02
      256.07610    1.54307E+05    2.74080E-02
      256.61634    1.54174E+05    2.74087E-02
      257.15659    1.54242E+05    2.74452E-02
      257.69683    1.54356E+05    2.74899E-02
      258.23708    1.54372E+05    2.75173E-02
      258.77732    1.54205E+05    2.75121E-02
      259.31757    1.53885E+05    2.74795E-02
      259.85781    1.53521E+05    2.74390E-02
      260.39806    1.53265E+05    2.74177E-02
      260.93830    1.53176E+05    2.74263E-02
      261.47855    1.53205E+05    2.74562E-02
      262.01879    1.53215E+05    2.74826E-02
      262.55904    1.53134E+05    2.74926E-02
      263.09928    1.52959E+05    2.74860E-02
      263.63953    1.52718E+05    2.74673E-02
      264.17977    1.52454E+05    2.74445E-02
      264.72002    1.52211E+05    2.74254E-02
      265.26026    1.52048E+05    2.74207E-02
      265.80051    1.52025E+05    2.74413E-02
      266.34075    1.52118E+05    2.74830E-02
      266.88099    1.52195E+05    2.75217E-02
      267.42124    1.52115E+05    2.75321E-02
      267.96148    1.51838E+05    2.75068E-02
      268.50173    1.51452E+05    2.74618E-02
      269.04197    1.51076E+05    2.74186E-02
      269.58222    1.50809E+05    2.73949E-02
      270.12246    1.50721E+05    2.74038E-02
      270.66271    1.50815E+05    2.74458E-02
      271.20295    1.51014E+05    2.75071E-02
      271.74320    1.51212E+05    2.75684E-02
      272.28344    1.51275E+05    2.76050E-02
      272.82369    1.51056E+05    2.75901E-02
      273.36393    1.50527E+05    2.75186E-02
      273.90418    1.49862E+05    2.74221E-02
      274.44442    1.49298E+05    2.73440E-02
      274.98467    1.49039E+05    2.73216E-02
      275.52491    1.49146E+05    2.73663E-02
      276.06516    1.49469E+05    2.74507E-02
      276.60540    1.49808E+05    2.75383E-02
      277.14565    1.49951E+05    2.75898E-02
      277.68589    1.49760E+05    2.75800E-02
      278.22614    1.49239E+05    2.75094E-02
      278.76638    1.48617E+05    2.74202E-02
      279.30663    1.48184E+05    2.73654E-02
      279.84687    1.48080E+05    2.73715E-02
      280.38712    1.48260E+05    2.74301E-02
      280.92736    1.48535E+05    2.75064E-02
      281.46761    1.48678E+05    2.75586E-02
      282.00785    1.48548E+05    2.75599E-02
      282.54810    1.48182E+05    2.75176E-02
      283.08834    1.47737E+05    2.74604E-02
      283.62859    1.47374E+05    2.74185E-02
      284.16883    1.47166E+05    2.74053E-02
      284.70908    1.47123E+05    2.74227E-02
      285.24932    1.47142E+05    2.74519E-02
      285.78957    1.47146E+05    2.74783E-02
      286.32981    1.47082E+05    2.74919E-02
      286.87006    1.46924E+05    2.74881E-02
      287.41030    1.46700E+05    2.74719E-02
      287.95055    1.46485E+05    2.74574E-02
      288.49079    1.46312E+05    2.74506E-02
      289.03104    1.46152E+05    2.74464E-02
      289.57128    1.46036E+05    2.74504E-02
      290.11153    1.46016E+05    2.74724E-02
      290.65177    1.46059E+05    2.75064E-02
      291.19202    1.46014E+05    2.75238E-02
      291.73226    1.45736E+05    2.74973E-02
      292.27251    1.45300E+05    2.74409E-02
      292.81275    1.44949E+05    2.74005E-02
      293.35300    1.44842E+05    2.74063E-02
      293.89324    1.44990E+05    2.74603E-02
      294.43349    1.45229E+05    2.75316E-02
      294.97373    1.45310E+05    2.75730E-02
      295.51398    1.45100E+05    2.75594E-02
      296.05422    1.44638E+05    2.74976E-02
      296.59447    1.44113E+05    2.74240E-02
      297.13471    1.43808E+05    2.73920E-02
      297.67496    1.43858E+05    2.74277E-02
      298.21520    1.44125E+05    2.75048E-02
      298.75545    1.44281E+05    2.75608E-02
      299.29569    1.44094E+05    2.75515E-02
      299.83594    1.43617E+05    2.74866E-02
      300.37618    1.43110E+05    2.74158E-02
      300.91643    1.42810E+05    2.73845E-02
      301.45667    1.42783E+05    2.74055E-02
      301.99692    1.42942E+05    2.74625E-02
      302.53716    1.43114E+05    2.75219E-02
      303.07741    1.43120E+05    2.75495E-02
      303.61765    1.42911E+05    2.75358E-02
      304.15790    1.42581E+05    2.74988E-02
      304.69814    1.42265E+05    2.74643E-02
      305.23838    1.42029E+05    2.74452E-02
      305.77863    1.41885E+05    2.74439E-02
      306.31887    1.41799E+05    2.74539E-02
      306.85912    1.41748E+05    2.74705E-02
      307.39936    1.41714E+05    2.74907E-02
      307.93961    1.41693E+05    2.75132E-02
      308.47985    1.41617E+05    2.75252E-02
      309.02010    1.41446E+05    2.75186E-02
      309.56034    1.41185E+05    2.74946E-02
      310.10059    1.40914E+05    2.74687E-02
      310.64083    1.40753E+05    2.74640E-02
      311.18108    1.40749E+05    2.74900E-02
      311.72132    1.40789E+05    2.75248E-02
      312.26157    1.40711E+05    2.75365E-02
      312.80181    1.40465E+05    2.75151E-02
      313.34206    1.40148E+05    2.74799E-02
      313.88230    1.39888E+05    2.74559E-02
      314.42255    1.39755E+05    2.74568E-02
      314.96279    1.39695E+05    2.74720E-02
      315.50304    1.39582E+05    2.74768E-02
      316.04328    1.39381E+05    2.74642E-02
      316.58353    1.39165E+05    2.74488E-02
      317.12377    1.39057E+05    2.74544E-02
      317.66402    1.39068E+05    2.74839E-02
      318.20426    1.39113E+05    2.75199E-02
      318.74451    1.39059E+05    2.75365E-02
      319.28475    1.38853E+05    2.75228E-02
      319.82500    1.38542E+05    2.74885E-02
      320.36524    1.38226E+05    2.74531E-02
      320.90549    1.38028E+05    2.74410E-02
      321.44573    1.38005E+05    2.74637E-02
      321.98598    1.38081E+05    2.75061E-02
      322.52622    1.38091E+05    2.75355E-02
      323.06647    1.37939E+05    2.75327E-02
      323.60671    1.37653E+05    2.75031E-02
      324.14696    1.37307E+05    2.74614E-02
      324.68720    1.37003E+05    2.74281E-02
      325.22745    1.36813E+05    2.74174E-02
      325.76769    1.36736E+05    2.74294E-02
      326.30794    1.36741E+05    2.74581E-02
      326.84818    1.36769E+05    2.74913E-02
      327.38843    1.36751E+05    2.75152E-02
      327.92867    1.36639E+05    2.75204E-02
      328.46892    1.36423E+05    2.75046E-02
      329.00916    1.36144E+05    2.74762E-02
      329.54941    1.35919E+05    2.74584E-02
      330.08965    1.35830E+05    2.74681E-02
      330.62990    1.35833E+05    2.74966E-02
      331.17014    1.35776E+05    2.75128E-02
      331.71039    1.35603E+05    2.75056E-02
      332.25063    1.35388E+05    2.74900E-02
      332.79088    1.35175E+05    2.74746E-02
      333.33112    1.34986E+05    2.74642E-02
      333.87137    1.34873E+05    2.74690E-02
      334.41161    1.34833E+05    2.74889E-02
      334.95186    1.34804E+05    2.75110E-02
      335.49210    1.34719E+05    2.75217E-02
      336.03235    1.34515E+05    2.75081E-02
      336.57259    1.34204E+05    2.74727E-02
      337.11284    1.33929E+05    2.74445E-02
      337.65308    1.33792E+05    2.74445E-02
      338.19333    1.33777E+05    2.74696E-02
      338.73357    1.33793E+05    2.75012E-02
      339.27382    1.33753E+05    2.75212E-02
      339.81406    1.33607E+05    2.75194E-02
      340.35431    1.33395E+05    2.75041E-02
      340.89455    1.33242E+05    2.75009E-02
      341.43480    1.33197E+05    2.75201E-02
      341.97504    1.33178E+05    2.75446E-02
      342.51528    1.33078E+05    2.75523E-02
      343.05553    1.32850E+05    2.75336E-02
      343.59577    1.32539E+05    2.74977E-02
      344.13602    1.32249E+05    2.74660E-02
      344.67626    1.32084E+05    2.74602E-02
      345.21651    1.32088E+05    2.74898E-02
      345.75675    1.32206E+05    2.75429E-02
      346.29700    1.32301E+05    2.75914E-02
      346.83724    1.32256E+05    2.76108E-02
      347.37749    1.32034E+05    2.75934E-02
      347.91773    1.31689E+05    2.75500E-02
      348.45798    1.31331E+05    2.75038E-02
      348.99822    1.31052E+05    2.74741E-02
      349.53847    1.30873E+05    2.74655E-02
      350.07871    1.30790E+05    2.74770E-02
      350.61896    1.30799E+05    2.75076E-02
      351.15920    1.30859E+05    2.75492E-02
      351.69945    1.30894E+05    2.75857E-02
      352.23969    1.30799E+05    2.75947E-02
      352.77994    1.30514E+05    2.75637E-02
      353.32018    1.30106E+05    2.75066E-02
      353.86043    1.29758E+05    2.74620E-02
      354.40067    1.29604E+05    2.74585E-02
      354.94092    1.29632E+05    2.74935E-02
      355.48116    1.29701E+05    2.75373E-02
      356.02141    1.29674E+05    2.75609E-02
      356.56165    1.29548E+05    2.75635E-02
      357.10190    1.29371E+05    2.75550E-02
      357.64214    1.29166E+05    2.75406E-02
      358.18239    1.28920E+05    2.75176E-02
      358.72263    1.28645E+05    2.74881E-02
      359.26288    1.28413E+05    2.74681E-02
      359.80312    1.28295E+05    2.74721E-02
      360.34337    1.28291E+05    2.75008E-02
      360.88361    1.28354E+05    2.75437E-02
      361.42386    1.28381E+05    2.75792E-02
      361.96410    1.28315E+05    2.75947E-02
      362.50435    1.28158E+05    2.75905E-02
      363.04459    1.27917E+05    2.75683E-02
      363.58484    1.27649E+05    2.75403E-02
      364.12508    1.27417E+05    2.75198E-02
      364.66533    1.27231E+05    2.75093E-02
      365.20557    1.27101E+05    2.75111E-02
      365.74582    1.27015E+05    2.75221E-02
      366.28606    1.26971E+05    2.75425E-02
      366.82631    1.26959E+05    2.75698E-02
      367.36655    1.26948E+05    2.75975E-02
      367.90680    1.26877E+05    2.76120E-02
      368.44704    1.26632E+05    2.75887E-02
      368.98729    1.26231E+05    2.75313E-02
      369.52753    1.25817E+05    2.74709E-02
      370.06778    1.25567E+05    2.74463E-02
      370.60802    1.25609E+05    2.74855E-02
      371.14827    1.25845E+05    2.75675E-02
      371.68851    1.26030E+05    2.76381E-02
      372.22876    1.25947E+05    2.76502E-02
      372.76900    1.25563E+05    2.75964E-02
      373.30925    1.25064E+05    2.75167E-02
      373.84949    1.24685E+05    2.74637E-02
      374.38974    1.24537E+05    2.74613E-02
      374.92998    1.24536E+05    2.74913E-02
      375.47023    1.24530E+05    2.75206E-02
      376.01047    1.24470E+05    2.75375E-02
      376.55072    1.24361E+05    2.75440E-02
      377.09096    1.24239E+05    2.75475E-02
      377.63121    1.24119E+05    2.75513E-02
      378.17145    1.24025E+05    2.75610E-02
      378.71170    1.23969E+05    2.75792E-02
      379.25194    1.23904E+05    2.75955E-02
      379.79219    1.23770E+05    2.75965E-02
      380.33243    1.23566E+05    2.75818E-02
      380.87267    1.23303E+05    2.75539E-02
      381.41292    1.23038E+05    2.75253E-02
      381.95316    1.22836E+05    2.75108E-02
      382.49341    1.22758E+05    2.75242E-02
      383.03365    1.22777E+05    2.75594E-02
      383.57390    1.22813E+05    2.75983E-02
      384.11414    1.22764E+05    2.76185E-02
      384.65439    1.22582E+05    2.76086E-02
      385.19463    1.22296E+05    2.75752E-02
      385.73488    1.22017E+05    2.75432E-02
      386.27512    1.21852E+05    2.75371E-02
      386.81537    1.21779E+05    2.75518E-02
      387.35561    1.21718E+05    2.75692E-02
      387.89586    1.21596E+05    2.75727E-02
      388.43610    1.21377E+05    2.75545E-02
      388.97635    1.21107E+05    2.75242E-02
      389.51659    1.20878E+05    2.75035E-02
      390.05684    1.20790E+05    2.75149E-02
      390.59708    1.20843E+05    2.75582E-02
      391.13733    1.20923E+05    2.76079E-02
      391.67757    1.20937E+05    2.76429E-02
      392.21782    1.20823E+05    2.76482E-02
      392.75806    1.20545E+05    2.76163E-02
      393.29831    1.20150E+05    2.75574E-02
      393.83855    1.19784E+05    2.75049E-02
      394.37880    1.19604E+05    2.74952E-02
      394.91904    1.19674E+05    2.75429E-02
      395.45929    1.19882E+05    2.76227E-02
      395.99953    1.19983E+05    2.76778E-02
      396.53978    1.19781E+05    2.76631E-02
      397.08002    1.19345E+05    2.75943E-02
      397.62027    1.18906E+05    2.75246E-02
      398.16051    1.18660E+05    2.74993E-02
      398.70076    1.18653E+05    2.75298E-02
      399.24100    1.18812E+05    2.75987E-02
      399.78125    1.18957E+05    2.76645E-02
      400.32149    1.18914E+05    2.76865E-02
      400.86174    1.18643E+05    2.76558E-02
      401.40198    1.18221E+05    2.75895E-02
      401.94223    1.17788E+05    2.75207E-02
      402.48247    1.17493E+05    2.74838E-02
      403.02272    1.17399E+05    2.74939E-02
      403.56296    1.17490E+05    2.75476E-02
      404.10321    1.17660E+05    2.76197E-02
      404.64345    1.17759E+05    2.76754E-02
      405.18370    1.17667E+05    2.76862E-02
      405.72394    1.17338E+05    2.76414E-02
      406.26419    1.16869E+05    2.75635E-02
      406.80443    1.16449E+05    2.74968E-02
      407.34468    1.16255E+05    2.74835E-02
      407.88492    1.16326E+05    2.75327E-02
      408.42517    1.16536E+05    2.76151E-02
      408.96541    1.16700E+05    2.76869E-02
      409.50566    1.16660E+05    2.77102E-02
      410.04590    1.16390E+05    2.76791E-02
      410.58615    1.15971E+05    2.76121E-02
      411.12639    1.15484E+05    2.75290E-02
      411.66664    1.15074E+05    2.74639E-02
      412.20688    1.14893E+05    2.74536E-02
      412.74713    1.14996E+05    2.75111E-02
      413.28737    1.15267E+05    2.76090E-02
      413.82762    1.15471E+05    2.76908E-02
      414.36786    1.15422E+05    2.77124E-02
      414.90811    1.15117E+05    2.76724E-02
      415.44835    1.14689E+05    2.76027E-02
      415.98860    1.14281E+05    2.75375E-02
      416.52884    1.13979E+05    2.74979E-02
      417.06909    1.13824E+05    2.74937E-02
      417.60933    1.13795E+05    2.75198E-02
      418.14958    1.13820E+05    2.75593E-02
      418.68982    1.13841E+05    2.75978E-02
      419.23006    1.13811E+05    2.76241E-02
      419.77031    1.13710E+05    2.76329E-02
      420.31055    1.13547E+05    2.76270E-02
      420.85080    1.13305E+05    2.76017E-02
      421.39104    1.12989E+05    2.75584E-02
      421.93129    1.12694E+05    2.75200E-02
      422.47153    1.12510E+05    2.75087E-02
      423.01178    1.12479E+05    2.75347E-02
      423.55202    1.12518E+05    2.75778E-02
      424.09227    1.12500E+05    2.76074E-02
      424.63251    1.12356E+05    2.76060E-02
      425.17276    1.12103E+05    2.75776E-02
      425.71300    1.11860E+05    2.75517E-02
      426.25325    1.11766E+05    2.75625E-02
      426.79349    1.11819E+05    2.76096E-02
      427.33374    1.11890E+05    2.76614E-02
      427.87398    1.11837E+05    2.76824E-02
      428.41423    1.11591E+05    2.76557E-02
      428.95447    1.11229E+05    2.76002E-02
      429.49472    1.10893E+05    2.75512E-02
      430.03496    1.10680E+05    2.75322E-02
      430.57521    1.10598E+05    2.75463E-02
      431.11545    1.10602E+05    2.75814E-02
      431.65570    1.10653E+05    2.76286E-02
      432.19594    1.10685E+05    2.76713E-02
      432.73619    1.10619E+05    2.76893E-02
      433.27643    1.10404E+05    2.76702E-02
      433.81668    1.10078E+05    2.76230E-02
      434.35692    1.09774E+05    2.75815E-02
      434.89717    1.09596E+05    2.75713E-02
      435.43741    1.09541E+05    2.75923E-02
      435.97766    1.09555E+05    2.76304E-02
      436.51790    1.09537E+05    2.76608E-02
      437.05815    1.09393E+05    2.76594E-02
      437.59839    1.09117E+05    2.76245E-02
      438.13864    1.08829E+05    2.75866E-02
      438.67888    1.08644E+05    2.75746E-02
      439.21913    1.08563E+05    2.75890E-02
      439.75937    1.08538E+05    2.76177E-02
      440.29962    1.08526E+05    2.76499E-02
      440.83986    1.08468E+05    2.76703E-02
      441.38011    1.08327E+05    2.76698E-02
      441.92035    1.08103E+05    2.76477E-02
      442.46060    1.07803E+05    2.76065E-02
      443.00084    1.07509E+05    2.75663E-02
      443.54109    1.07326E+05    2.75548E-02
      444.08133    1.07324E+05    2.75898E-02
      444.62158    1.07458E+05    2.76597E-02
      445.16182    1.07539E+05    2.77163E-02
      445.70207    1.07419E+05    2.77211E-02
      446.24231    1.07091E+05    2.76722E-02
      446.78256    1.06686E+05    2.76032E-02
      447.32280    1.06396E+05    2.75636E-02
      447.86305    1.06307E+05    2.75764E-02
      448.40329    1.06375E+05    2.76299E-02
      448.94354    1.06434E+05    2.76810E-02
      449.48378    1.06344E+05    2.76937E-02
      450.02403    1.06112E+05    2.76693E-02
      450.56427    1.05846E+05    2.76360E-02
      451.10452    1.05601E+05    2.76081E-02
      451.64476    1.05411E+05    2.75945E-02
      452.18501    1.05295E+05    2.76002E-02
      452.72525    1.05215E+05    2.76154E-02
      453.26550    1.05139E+05    2.76318E-02
      453.80574    1.05047E+05    2.76441E-02
      454.34599    1.04946E+05    2.76538E-02
      454.88623    1.04844E+05    2.76634E-02
      455.42648    1.04720E+05    2.76671E-02
      455.96672    1.04518E+05    2.76503E-02
      456.50697    1.04284E+05    2.76249E-02
      457.04721    1.04101E+05    2.76129E-02
      457.58745    1.03983E+05    2.76184E-02
      458.12770    1.03916E+05    2.76373E-02
      458.66794    1.03865E+05    2.76603E-02
      459.20819    1.03761E+05    2.76695E-02
      459.74843    1.03595E+05    2.76623E-02
      460.28868    1.03438E+05    2.76573E-02
      460.82892    1.03375E+05    2.76773E-02
      461.36917    1.03361E+05    2.77109E-02
      461.90941    1.03232E+05    2.77134E-02
      462.44966    1.02910E+05    2.76639E-02
      462.98990    1.02475E+05    2.75841E-02
      463.53015    1.02115E+05    2.75243E-02
      464.07039    1.01963E+05    2.75203E-02
      464.61064    1.02048E+05    2.75806E-02
      465.15088    1.02278E+05    2.76802E-02
      465.69113    1.02472E+05    2.77701E-02
      466.23137    1.02426E+05    2.77954E-02
      466.77162    1.02078E+05    2.77387E-02
      467.31186    1.01557E+05    2.76346E-02
      467.85211    1.01077E+05    2.75415E-02
      468.39235    1.00810E+05    2.75062E-02
      468.93260    1.00795E+05    2.75395E-02
      469.47284    1.00948E+05    2.76192E-02
      470.01309    1.01098E+05    2.76981E-02
      470.55333    1.01130E+05    2.77449E-02
      471.09358    1.01027E+05    2.77546E-02
      471.63382    1.00817E+05    2.77351E-02
      472.17407    1.00530E+05    2.76942E-02
      472.71431    1.00218E+05    2.76464E-02
      473.25456    9.99672E+04    2.76153E-02
      473.79480    9.98255E+04    2.76143E-02
      474.33505    9.97680E+04    2.76366E-02
      474.87529    9.97255E+04    2.76631E-02
      475.41554    9.96512E+04    2.76809E-02
      475.95578    9.95151E+04    2.76815E-02
      476.49603    9.93302E+04    2.76686E-02
      477.03627    9.91074E+04    2.76450E-02
      477.57652    9.88448E+04    2.76103E-02
      478.11676    9.86196E+04    2.75859E-02
      478.65701    9.84952E+04    2.75897E-02
      479.19725    9.84737E+04    2.76224E-02
      479.73750    9.84988E+04    2.76682E-02
      480.27774    9.84956E+04    2.77062E-02
      480.81799    9.84157E+04    2.77227E-02
      481.35823    9.82392E+04    2.77120E-02
      481.89848    9.79965E+04    2.76826E-02
      482.43872    9.77526E+04    2.76528E-02
      482.97897    9.75841E+04    2.76442E-02
      483.51921    9.75425E+04    2.76716E-02
      484.05946    9.75575E+04    2.77152E-02
      484.59970    9.75095E+04    2.77410E-02
      485.13995    9.73170E+04    2.77256E-02
      485.68019    9.69941E+04    2.76731E-02
      486.22044    9.66435E+04    2.76124E-02
      486.76068    9.64156E+04    2.75867E-02
      487.30093    9.63709E+04    2.76134E-02
      487.84117    9.64632E+04    2.76795E-02
      488.38142    9.65582E+04    2.77466E-02
      488.92166    9.65295E+04    2.77783E-02
      489.46191    9.63002E+04    2.77522E-02
      490.00215    9.59473E+04    2.76904E-02
      490.54240    9.56188E+04    2.76355E-02
      491.08264    9.53985E+04    2.76117E-02
      491.62289    9.53034E+04    2.76242E-02
      492.16313    9.53165E+04    2.76681E-02
      492.70338    9.53447E+04    2.77165E-02
      493.24362    9.52851E+04    2.77395E-02
      493.78387    9.51318E+04    2.77352E-02
      494.32411    9.49236E+04    2.77149E-02
      494.86435    9.47148E+04    2.76944E-02
      495.40460    9.45686E+04    2.76921E-02
      495.94484    9.45160E+04    2.77173E-02
      496.48509    9.45028E+04    2.77541E-02
      497.02533    9.44279E+04    2.77729E-02
      497.56558    9.42182E+04    2.77520E-02
      498.10582    9.39291E+04    2.77077E-02
      498.64607    9.36325E+04    2.76610E-02
      499.18631    9.33806E+04    2.76274E-02
      499.72656    9.32064E+04    2.76167E-02
      500.26680    9.31250E+04    2.76335E-02
      500.80705    9.31401E+04    2.76791E-02
      501.34729    9.32061E+04    2.77399E-02
      501.88754    9.32304E+04    2.77885E-02
      502.42778    9.31354E+04    2.78016E-02
      502.96803    9.29018E+04    2.77733E-02
      503.50827    9.26126E+04    2.77283E-02
      504.04852    9.23585E+04    2.76937E-02
      504.58876    9.21539E+04    2.76738E-02
      505.12901    9.19865E+04    2.76651E-02
      505.66925    9.18651E+04    2.76702E-02
      506.20950    9.18224E+04    2.76991E-02
      506.74974    9.18345E+04    2.77446E-02
      507.28999    9.17827E+04    2.77709E-02
      507.83023    9.15816E+04    2.77520E-02
      508.37048    9.12581E+04    2.76959E-02
      508.91072    9.09412E+04    2.76417E-02
      509.45097    9.07809E+04    2.76350E-02
      509.99121    9.07958E+04    2.76817E-02
      510.53146    9.08415E+04    2.77378E-02
      511.07170    9.07528E+04    2.77532E-02
      511.61195    9.05048E+04    2.77197E-02
      512.15219    9.01712E+04    2.76599E-02
      512.69244    8.99374E+04    2.76305E-02
      513.23268    8.99311E+04    2.76711E-02
      513.77293    9.00792E+04    2.77594E-02
      514.31317    9.01658E+04    2.78289E-02
      514.85342    9.00397E+04    2.78330E-02
      515.39366    8.96938E+04    2.77690E-02
      515.93391    8.92509E+04    2.76747E-02
      516.47415    8.89117E+04    2.76123E-02
      517.01440    8.88153E+04    2.76253E-02
      517.55464    8.89332E+04    2.77051E-02
      518.09489    8.91046E+04    2.78017E-02
      518.63513    8.91594E+04    2.78623E-02
      519.17538    8.89950E+04    2.78545E-02
      519.71562    8.86201E+04    2.77806E-02
      520.25587    8.81629E+04    2.76807E-02
      520.79611    8.78246E+04    2.76178E-02
      521.33636    8.77058E+04    2.76239E-02
      521.87660    8.77758E+04    2.76895E-02
      522.41685    8.79051E+04    2.77741E-02
      522.95709    8.79534E+04    2.78334E-02
      523.49734    8.78705E+04    2.78512E-02
      524.03758    8.76640E+04    2.78299E-02
      524.57783    8.73951E+04    2.77886E-02
      525.11807    8.71510E+04    2.77551E-02
      525.65832    8.69831E+04    2.77458E-02
      526.19856    8.68315E+04    2.77417E-02
      526.73881    8.66438E+04    2.77260E-02
      527.27905    8.64564E+04    2.77104E-02
      527.81930    8.63142E+04    2.77092E-02
      528.35954    8.62351E+04    2.77283E-02
      528.89979    8.62265E+04    2.77702E-02
      529.44003    8.62284E+04    2.78156E-02
      529.98028    8.61481E+04    2.78346E-02
      530.52052    8.59512E+04    2.78159E-02
      531.06077    8.56845E+04    2.77746E-02
      531.60101    8.54487E+04    2.77431E-02
      532.14126    8.53165E+04    2.77452E-02
      532.68150    8.52674E+04    2.77744E-02
      533.22174    8.52477E+04    2.78133E-02
      533.76199    8.51710E+04    2.78337E-02
      534.30223    8.49775E+04    2.78159E-02
      534.84248    8.47047E+04    2.77720E-02
      535.38272    8.44715E+04    2.77411E-02
      535.92297    8.43467E+04    2.77456E-02
      536.46321    8.43242E+04    2.77839E-02
      537.00346    8.43378E+04    2.78342E-02
      537.54370    8.42726E+04    2.78587E-02
      538.08395    8.40743E+04    2.78392E-02
      538.62419    8.37702E+04    2.77845E-02
      539.16444    8.34807E+04    2.77344E-02
      539.70468    8.33168E+04    2.77261E-02
      540.24493    8.33160E+04    2.77720E-02
      540.78517    8.34123E+04    2.78505E-02
      541.32542    8.34620E+04    2.79137E-02
      541.86566    8.33657E+04    2.79282E-02
      542.40591    8.30889E+04    2.78822E-02
      542.94615    8.26891E+04    2.77947E-02
      543.48640    8.23294E+04    2.77203E-02
      544.02664    8.21317E+04    2.77004E-02
      544.56689    8.21127E+04    2.77408E-02
      545.10713    8.21636E+04    2.78049E-02
      545.64738    8.21427E+04    2.78450E-02
      546.18762    8.20263E+04    2.78527E-02
      546.72787    8.18513E+04    2.78406E-02
      547.26811    8.16937E+04    2.78343E-02
      547.80836    8.15873E+04    2.78455E-02
      548.34860    8.15132E+04    2.78678E-02
      548.88885    8.14225E+04    2.78844E-02
      549.42909    8.12771E+04    2.78824E-02
      549.96934    8.10772E+04    2.78616E-02
      550.50958    8.08519E+04    2.78320E-02
      551.04983    8.06242E+04    2.78014E-02
      551.59007    8.04338E+04    2.77837E-02
      552.13032    8.03287E+04    2.77954E-02
      552.67056    8.02800E+04    2.78267E-02
      553.21081    8.02031E+04    2.78483E-02
      553.75105    8.00634E+04    2.78481E-02
      554.29130    7.98773E+04    2.78318E-02
      554.83154    7.96608E+04    2.78048E-02
      555.37179    7.94476E+04    2.77789E-02
      555.91203    7.92844E+04    2.77704E-02
      556.45228    7.91841E+04    2.77839E-02
      556.99252    7.91199E+04    2.78102E-02
      557.53277    7.90830E+04    2.78461E-02
      558.07301    7.90595E+04    2.78870E-02
      558.61326    7.89881E+04    2.79110E-02
      559.15350    7.87904E+04    2.78904E-02
      559.69375    7.84643E+04    2.78242E-02
      560.23399    7.81383E+04    2.77578E-02
      560.77424    7.79208E+04    2.77298E-02
      561.31448    7.78485E+04    2.77535E-02
      561.85473    7.78411E+04    2.78004E-02
      562.39497    7.78108E+04    2.78393E-02
      562.93522    7.77368E+04    2.78627E-02
      563.47546    7.76070E+04    2.78661E-02
      564.01571    7.74334E+04    2.78537E-02
      564.55595    7.72477E+04    2.78370E-02
      565.09620    7.70719E+04    2.78238E-02
      565.63644    7.69189E+04    2.78188E-02
      566.17669    7.67946E+04    2.78241E-02
      566.71693    7.67130E+04    2.78450E-02
      567.25718    7.66612E+04    2.78768E-02
      567.79742    7.65955E+04    2.79036E-02
      568.33767    7.64687E+04    2.79083E-02
      568.87791    7.62640E+04    2.78845E-02
      569.41816    7.60186E+04    2.78457E-02
      569.95840    7.58144E+04    2.78218E-02
      570.49865    7.56978E+04    2.78301E-02
      571.03889    7.56347E+04    2.78581E-02
      571.57913    7.55471E+04    2.78771E-02
      572.11938    7.54252E+04    2.78836E-02
      572.65962    7.52857E+04    2.78836E-02
      573.19987    7.51359E+04    2.78797E-02
      573.74011    7.49538E+04    2.78639E-02
      574.28036    7.47587E+04    2.78431E-02
      574.82060    7.46066E+04    2.78383E-02
      575.36085    7.45300E+04    2.78617E-02
      575.90109    7.45051E+04    2.79045E-02
      576.44134    7.44799E+04    2.79474E-02
      576.98158    7.43753E+04    2.79606E-02
      577.52183    7.41774E+04    2.79387E-02
      578.06207    7.39284E+04    2.78975E-02
      578.60232    7.36693E+04    2.78523E-02
      579.14256    7.34503E+04    2.78221E-02
      579.68281    7.33011E+04    2.78183E-02
      580.22305    7.32023E+04    2.78336E-02
      580.76330    7.31563E+04    2.78691E-02
      581.30354    7.31760E+04    2.79298E-02
      581.84379    7.32084E+04    2.79956E-02
      582.38403    7.31784E+04    2.80377E-02
      582.92428    7.30259E+04    2.80330E-02
      583.46452    7.27131E+04    2.79666E-02
      584.00477    7.22685E+04    2.78491E-02
      584.54501    7.18385E+04    2.77369E-02
      585.08526    7.15989E+04    2.76978E-02
      585.62550    7.16094E+04    2.77556E-02
      586.16575    7.18021E+04    2.78843E-02
      586.70599    7.19852E+04    2.80098E-02
      587.24624    7.19834E+04    2.80637E-02
      587.78648    7.17745E+04    2.80369E-02
      588.32673    7.14547E+04    2.79666E-02
      588.86697    7.11051E+04    2.78843E-02
      589.40722    7.07836E+04    2.78128E-02
      589.94746    7.05678E+04    2.77826E-02
      590.48771    7.05076E+04    2.78137E-02
      591.02795    7.05585E+04    2.78887E-02
      591.56820    7.06426E+04    2.79773E-02
      592.10844    7.06643E+04    2.80414E-02
      592.64869    7.05116E+04    2.80364E-02
      593.18893    7.01657E+04    2.79544E-02
      593.72918    6.97531E+04    2.78455E-02
      594.26942    6.94360E+04    2.77744E-02
      594.80967    6.92867E+04    2.77702E-02
      595.34991    6.92995E+04    2.78311E-02
      595.89016    6.94033E+04    2.79289E-02
      596.43040    6.95029E+04    2.80254E-02
      596.97065    6.94857E+04    2.80750E-02
      597.51089    6.92695E+04    2.80443E-02
      598.05114    6.88932E+04    2.79486E-02
      598.59138    6.85154E+04    2.78518E-02
      599.13163    6.82798E+04    2.78125E-02
      599.67187    6.82049E+04    2.78387E-02
      600.21212    6.82486E+04    2.79135E-02
      600.75236    6.82917E+04    2.79884E-02
      601.29261    6.82042E+04    2.80099E-02
      601.83285    6.79712E+04    2.79717E-02
      602.37310    6.76654E+04    2.79032E-02
      602.91334    6.73992E+04    2.78509E-02
      603.45359    6.72468E+04    2.78454E-02
      603.99383    6.72092E+04    2.78876E-02
      604.53408    6.72620E+04    2.79676E-02
      605.07432    6.73250E+04    2.80521E-02
      605.61457    6.73093E+04    2.81041E-02
      606.15481    6.71414E+04    2.80927E-02
      606.69506    6.68102E+04    2.80127E-02
      607.23530    6.64211E+04    2.79080E-02
      607.77555    6.61052E+04    2.78338E-02
      608.31579    6.59365E+04    2.78213E-02
      608.85604    6.59183E+04    2.78724E-02
      609.39628    6.60043E+04    2.79679E-02
      609.93652    6.61067E+04    2.80708E-02
      610.47677    6.60948E+04    2.81254E-02
      611.01701    6.59183E+04    2.81102E-02
      611.55726    6.56215E+04    2.80434E-02
      612.09750    6.52777E+04    2.79562E-02
      612.63775    6.49338E+04    2.78686E-02
      613.17799    6.46491E+04    2.78061E-02
      613.71824    6.45289E+04    2.78142E-02
      614.25848    6.46159E+04    2.79118E-02
      614.79873    6.47983E+04    2.80512E-02
      615.33897    6.48999E+04    2.81561E-02
      615.87922    6.47842E+04    2.81670E-02
      616.41946    6.44538E+04    2.80844E-02
      616.95971    6.40191E+04    2.79559E-02
      617.49995    6.36386E+04    2.78506E-02
      618.04020    6.34385E+04    2.78239E-02
      618.58044    6.34352E+04    2.78836E-02
      619.12069    6.35435E+04    2.79927E-02
      619.66093    6.36435E+04    2.80987E-02
      620.20118    6.36453E+04    2.81616E-02
      620.74142    6.34901E+04    2.81553E-02
      621.28167    6.31881E+04    2.80836E-02
      621.82191    6.28097E+04    2.79776E-02
      622.36216    6.24700E+04    2.78884E-02
      622.90240    6.22555E+04    2.78548E-02
      623.44265    6.21653E+04    2.78768E-02
      623.98289    6.21440E+04    2.79299E-02
      624.52314    6.21437E+04    2.79927E-02
      625.06338    6.21658E+04    2.80658E-02
      625.60363    6.21814E+04    2.81364E-02
      626.14387    6.21260E+04    2.81751E-02
      626.68412    6.19386E+04    2.81539E-02
      627.22436    6.16341E+04    2.80793E-02
      627.76461    6.12903E+04    2.79864E-02
      628.30485    6.10146E+04    2.79243E-02
      628.84510    6.08776E+04    2.79255E-02
      629.38534    6.08770E+04    2.79894E-02
      629.92559    6.09325E+04    2.80795E-02
      630.46583    6.09414E+04    2.81485E-02
      631.00608    6.08185E+04    2.81567E-02
      631.54632    6.05635E+04    2.81037E-02
      632.08657    6.02751E+04    2.80349E-02
      632.62681    6.00518E+04    2.79962E-02
      633.16706    5.99323E+04    2.80057E-02
      633.70730    5.99003E+04    2.80563E-02
      634.24755    5.99058E+04    2.81248E-02
      634.78779    5.98789E+04    2.81783E-02
      635.32804    5.97652E+04    2.81911E-02
      635.86828    5.95433E+04    2.81529E-02
      636.40853    5.92525E+04    2.80817E-02
      636.94877    5.89788E+04    2.80184E-02
      637.48902    5.87874E+04    2.79940E-02
      638.02926    5.86780E+04    2.80086E-02
      638.56951    5.86253E+04    2.80504E-02
      639.10975    5.85893E+04    2.81004E-02
      639.65000    5.85395E+04    2.81440E-02
      640.19024    5.84267E+04    2.81574E-02
      640.73049    5.82573E+04    2.81436E-02
      641.27073    5.81022E+04    2.81367E-02
      641.81098    5.80053E+04    2.81579E-02
      642.35122    5.79400E+04    2.81946E-02
      642.89147    5.78485E+04    2.82188E-02
      643.43171    5.76984E+04    2.82144E-02
      643.97196    5.74840E+04    2.81784E-02
      644.51220    5.72510E+04    2.81332E-02
      645.05245    5.70778E+04    2.81172E-02
      645.59269    5.69532E+04    2.81250E-02
      646.13294    5.68072E+04    2.81224E-02
      646.67318    5.66092E+04    2.80939E-02
      647.21342    5.63851E+04    2.80523E-02
      647.75367    5.62240E+04    2.80419E-02
      648.29391    5.61789E+04    2.80894E-02
