BEHD @ YYE. Sim. done on 2023-10-27   17h28
### Sim. w/ κ =    0.200 ; and ∆_0 =  2.00; T =    2.98E+05
 ## r =  1.00E-06 ; rhosty =  1.05E+03 ; rhosol =  1.00E+03
 ## k =  2.00 ; ∆_eq =  2.00 ; num_particle =    1000
Time         sumz         <∆z^2>
        0.10805    2.95761E+03    3.69747E-04
        0.21610    1.13681E+04    1.42137E-03
        0.32415    2.46577E+04    3.08337E-03
        0.43220    4.21638E+04    5.27311E-03
        0.54024    6.31566E+04    7.89951E-03
        0.64829    8.68629E+04    1.08660E-02
        0.75634    1.12488E+05    1.40734E-02
        0.86439    1.39240E+05    1.74224E-02
        0.97244    1.66345E+05    2.08165E-02
        1.08049    1.93072E+05    2.41642E-02
        1.18854    2.18746E+05    2.73809E-02
        1.29659    2.42765E+05    3.03912E-02
        1.40464    2.64608E+05    3.31298E-02
        1.51269    2.83848E+05    3.55432E-02
        1.62073    3.00152E+05    3.75895E-02
        1.72878    3.13290E+05    3.92398E-02
        1.83683    3.23130E+05    4.04773E-02
        1.94488    3.29634E+05    4.12972E-02
        2.05293    3.32856E+05    4.17061E-02
        2.16098    3.32929E+05    4.17204E-02
        2.26903    3.30060E+05    4.13661E-02
        2.37708    3.24517E+05    4.06764E-02
        2.48513    3.16617E+05    3.96912E-02
        2.59318    3.06718E+05    3.84551E-02
        2.70122    2.95204E+05    3.70162E-02
        3.24147    2.27383E+05    2.85299E-02
        3.78171    1.74329E+05    2.18869E-02
        4.32196    1.60242E+05    2.01309E-02
        4.86220    1.81547E+05    2.28218E-02
        5.40245    2.16570E+05    2.72414E-02
        5.94269    2.42425E+05    3.05130E-02
        6.48294    2.47764E+05    3.12046E-02
        7.02318    2.35541E+05    2.96838E-02
        7.56343    2.17253E+05    2.73964E-02
        8.10367    2.04365E+05    2.57874E-02
        8.64392    2.02156E+05    2.55248E-02
        9.18416    2.08655E+05    2.63620E-02
        9.72441    2.17764E+05    2.75302E-02
       10.26465    2.23744E+05    2.83041E-02
       10.80490    2.24209E+05    2.83809E-02
       11.34514    2.20458E+05    2.79238E-02
       11.88539    2.15720E+05    2.73409E-02
       12.42563    2.12827E+05    2.69914E-02
       12.96588    2.12749E+05    2.69987E-02
       13.50612    2.14581E+05    2.72484E-02
       14.04637    2.16619E+05    2.75246E-02
       14.58661    2.17567E+05    2.76627E-02
       15.12686    2.17150E+05    2.76272E-02
       15.66710    2.15904E+05    2.74862E-02
       16.20735    2.14707E+05    2.73512E-02
       16.74759    2.14172E+05    2.73005E-02
       17.28784    2.14374E+05    2.73436E-02
       17.82808    2.14930E+05    2.74321E-02
       18.36833    2.15345E+05    2.75026E-02
       18.90857    2.15358E+05    2.75218E-02
       19.44882    2.15047E+05    2.74996E-02
       19.98906    2.14621E+05    2.74627E-02
       20.52931    2.14160E+05    2.74213E-02
       21.06955    2.13739E+05    2.73849E-02
       21.60980    2.13441E+05    2.73642E-02
       22.15004    2.13324E+05    2.73668E-02
       22.69029    2.13388E+05    2.73926E-02
       23.23053    2.13541E+05    2.74298E-02
       23.77078    2.13646E+05    2.74609E-02
       24.31102    2.13571E+05    2.74689E-02
       24.85127    2.13297E+05    2.74513E-02
       25.39151    2.12924E+05    2.74210E-02
       25.93176    2.12610E+05    2.73982E-02
       26.47200    2.12448E+05    2.73950E-02
       27.01225    2.12421E+05    2.74091E-02
       27.55249    2.12428E+05    2.74278E-02
       28.09274    2.12409E+05    2.74431E-02
       28.63298    2.12389E+05    2.74581E-02
       29.17323    2.12373E+05    2.74739E-02
       29.71347    2.12306E+05    2.74830E-02
       30.25372    2.12126E+05    2.74774E-02
       30.79396    2.11827E+05    2.74565E-02
       31.33421    2.11445E+05    2.74247E-02
       31.87445    2.11095E+05    2.73971E-02
       32.41470    2.10919E+05    2.73921E-02
       32.95494    2.10932E+05    2.74116E-02
       33.49519    2.11055E+05    2.74454E-02
       34.03543    2.11187E+05    2.74804E-02
       34.57568    2.11179E+05    2.74973E-02
       35.11592    2.10929E+05    2.74826E-02
       35.65617    2.10410E+05    2.74329E-02
       36.19641    2.09754E+05    2.73651E-02
       36.73666    2.09287E+05    2.73220E-02
       37.27690    2.09253E+05    2.73354E-02
       37.81715    2.09593E+05    2.73978E-02
       38.35739    2.10037E+05    2.74738E-02
       38.89763    2.10259E+05    2.75209E-02
       39.43788    2.10117E+05    2.75203E-02
       39.97812    2.09676E+05    2.74805E-02
       40.51837    2.09123E+05    2.74259E-02
       41.05861    2.08643E+05    2.73809E-02
       41.59886    2.08350E+05    2.73605E-02
       42.13910    2.08316E+05    2.73740E-02
       42.67935    2.08479E+05    2.74134E-02
       43.21959    2.08717E+05    2.74627E-02
       43.75984    2.08865E+05    2.75003E-02
       44.30008    2.08846E+05    2.75159E-02
       44.84033    2.08610E+05    2.75030E-02
       45.38057    2.08138E+05    2.74588E-02
       45.92082    2.07502E+05    2.73929E-02
       46.46106    2.06926E+05    2.73349E-02
       47.00131    2.06699E+05    2.73230E-02
       47.54155    2.06927E+05    2.73713E-02
       48.08180    2.07415E+05    2.74540E-02
       48.62204    2.07829E+05    2.75271E-02
       49.16229    2.07910E+05    2.75560E-02
       49.70253    2.07522E+05    2.75228E-02
       50.24278    2.06769E+05    2.74412E-02
       50.78302    2.06014E+05    2.73591E-02
       51.32327    2.05627E+05    2.73259E-02
       51.86351    2.05733E+05    2.73582E-02
       52.40376    2.06120E+05    2.74278E-02
       52.94400    2.06447E+05    2.74896E-02
       53.48425    2.06402E+05    2.75019E-02
       54.02449    2.05983E+05    2.74645E-02
       54.56474    2.05525E+05    2.74217E-02
       55.10498    2.05312E+05    2.74114E-02
       55.64523    2.05372E+05    2.74379E-02
       56.18547    2.05544E+05    2.74792E-02
       56.72572    2.05583E+05    2.75027E-02
       57.26596    2.05298E+05    2.74830E-02
       57.80621    2.04758E+05    2.74291E-02
       58.34645    2.04253E+05    2.73797E-02
       58.88670    2.04065E+05    2.73729E-02
       59.42694    2.04195E+05    2.74087E-02
       59.96719    2.04404E+05    2.74552E-02
       60.50743    2.04434E+05    2.74777E-02
       61.04768    2.04188E+05    2.74630E-02
       61.58792    2.03724E+05    2.74191E-02
       62.12817    2.03207E+05    2.73679E-02
       62.66841    2.02941E+05    2.73506E-02
       63.20866    2.03085E+05    2.73883E-02
       63.74890    2.03484E+05    2.74607E-02
       64.28915    2.03845E+05    2.75280E-02
       64.82939    2.03900E+05    2.75540E-02
       65.36964    2.03513E+05    2.75204E-02
       65.90988    2.02832E+05    2.74469E-02
       66.45013    2.02175E+05    2.73765E-02
       66.99037    2.01791E+05    2.73430E-02
       67.53062    2.01820E+05    2.73654E-02
       68.07086    2.02108E+05    2.74231E-02
       68.61111    2.02354E+05    2.74751E-02
       69.15135    2.02439E+05    2.75053E-02
       69.69160    2.02347E+05    2.75115E-02
       70.23184    2.02080E+05    2.74939E-02
       70.77209    2.01694E+05    2.74601E-02
       71.31233    2.01263E+05    2.74200E-02
       71.85258    2.00938E+05    2.73944E-02
       72.39282    2.00878E+05    2.74049E-02
       72.93307    2.01072E+05    2.74501E-02
       73.47331    2.01287E+05    2.74983E-02
       74.01356    2.01325E+05    2.75223E-02
       74.55380    2.01074E+05    2.75067E-02
       75.09405    2.00586E+05    2.74587E-02
       75.63429    2.00105E+05    2.74116E-02
       76.17453    1.99819E+05    2.73912E-02
       76.71478    1.99764E+05    2.74025E-02
       77.25502    1.99853E+05    2.74335E-02
       77.79527    1.99896E+05    2.74583E-02
       78.33551    1.99787E+05    2.74622E-02
       78.87576    1.99551E+05    2.74486E-02
       79.41600    1.99316E+05    2.74351E-02
       79.95625    1.99187E+05    2.74363E-02
       80.49649    1.99164E+05    2.74520E-02
       81.03674    1.99149E+05    2.74689E-02
       81.57698    1.99049E+05    2.74739E-02
       82.11723    1.98819E+05    2.74612E-02
       82.65747    1.98508E+05    2.74372E-02
       83.19772    1.98193E+05    2.74126E-02
       83.73796    1.97943E+05    2.73969E-02
       84.27821    1.97866E+05    2.74052E-02
       84.81845    1.97979E+05    2.74399E-02
       85.35870    1.98146E+05    2.74822E-02
       85.89894    1.98180E+05    2.75059E-02
       86.43919    1.97958E+05    2.74942E-02
       86.97943    1.97494E+05    2.74487E-02
       87.51968    1.97006E+05    2.74001E-02
       88.05992    1.96712E+05    2.73782E-02
       88.60017    1.96688E+05    2.73939E-02
       89.14041    1.96869E+05    2.74381E-02
       89.68066    1.97100E+05    2.74895E-02
       90.22090    1.97159E+05    2.75170E-02
       90.76115    1.96943E+05    2.75060E-02
       91.30139    1.96509E+05    2.74646E-02
       91.84164    1.96031E+05    2.74169E-02
       92.38188    1.95687E+05    2.73880E-02
       92.92213    1.95613E+05    2.73968E-02
       93.46237    1.95818E+05    2.74447E-02
       94.00262    1.96097E+05    2.75031E-02
       94.54286    1.96197E+05    2.75364E-02
       95.08311    1.95961E+05    2.75227E-02
       95.62335    1.95442E+05    2.74690E-02
       96.16360    1.94866E+05    2.74073E-02
       96.70384    1.94508E+05    2.73763E-02
       97.24409    1.94520E+05    2.73972E-02
       97.78433    1.94812E+05    2.74577E-02
       98.32458    1.95088E+05    2.75160E-02
       98.86482    1.95077E+05    2.75338E-02
       99.40507    1.94719E+05    2.75026E-02
       99.94531    1.94181E+05    2.74461E-02
      100.48556    1.93726E+05    2.74011E-02
      101.02580    1.93510E+05    2.73899E-02
      101.56605    1.93560E+05    2.74165E-02
      102.10629    1.93767E+05    2.74652E-02
      102.64654    1.93920E+05    2.75064E-02
      103.18678    1.93842E+05    2.75148E-02
      103.72703    1.93538E+05    2.74912E-02
      104.26727    1.93171E+05    2.74586E-02
      104.80752    1.92901E+05    2.74397E-02
      105.34776    1.92800E+05    2.74449E-02
      105.88801    1.92838E+05    2.74698E-02
      106.42825    1.92884E+05    2.74959E-02
      106.96850    1.92796E+05    2.75030E-02
      107.50874    1.92600E+05    2.74946E-02
      108.04899    1.92344E+05    2.74777E-02
      108.58923    1.92063E+05    2.74572E-02
      109.12948    1.91828E+05    2.74432E-02
      109.66972    1.91732E+05    2.74492E-02
      110.20997    1.91778E+05    2.74754E-02
      110.75021    1.91808E+05    2.74994E-02
      111.29046    1.91663E+05    2.74983E-02
      111.83070    1.91363E+05    2.74750E-02
      112.37095    1.91031E+05    2.74471E-02
      112.91119    1.90789E+05    2.74319E-02
      113.45144    1.90671E+05    2.74347E-02
      113.99168    1.90664E+05    2.74535E-02
      114.53192    1.90703E+05    2.74788E-02
      115.07217    1.90685E+05    2.74961E-02
      115.61241    1.90465E+05    2.74842E-02
      116.15266    1.90069E+05    2.74468E-02
      116.69290    1.89675E+05    2.74097E-02
      117.23315    1.89452E+05    2.73973E-02
      117.77339    1.89451E+05    2.74170E-02
      118.31364    1.89617E+05    2.74609E-02
      118.85388    1.89789E+05    2.75057E-02
      119.39413    1.89795E+05    2.75265E-02
      119.93437    1.89535E+05    2.75087E-02
      120.47462    1.89067E+05    2.74607E-02
      121.01486    1.88587E+05    2.74109E-02
      121.55511    1.88317E+05    2.73916E-02
      122.09535    1.88342E+05    2.74152E-02
      122.63560    1.88549E+05    2.74653E-02
      123.17584    1.88717E+05    2.75098E-02
      123.71609    1.88622E+05    2.75160E-02
      124.25633    1.88302E+05    2.74893E-02
      124.79658    1.87939E+05    2.74563E-02
      125.33682    1.87665E+05    2.74363E-02
      125.87707    1.87483E+05    2.74299E-02
      126.41731    1.87363E+05    2.74324E-02
      126.95756    1.87305E+05    2.74440E-02
      127.49780    1.87305E+05    2.74640E-02
      128.03805    1.87345E+05    2.74901E-02
      128.57829    1.87356E+05    2.75119E-02
      129.11854    1.87262E+05    2.75184E-02
      129.65878    1.87028E+05    2.75042E-02
      130.19903    1.86734E+05    2.74811E-02
      130.73927    1.86442E+05    2.74583E-02
      131.27952    1.86193E+05    2.74419E-02
      131.81976    1.86046E+05    2.74404E-02
      132.36001    1.85955E+05    2.74472E-02
      132.90025    1.85886E+05    2.74573E-02
      133.44050    1.85843E+05    2.74713E-02
      133.98074    1.85769E+05    2.74806E-02
      134.52099    1.85629E+05    2.74802E-02
      135.06123    1.85419E+05    2.74694E-02
      135.60148    1.85192E+05    2.74561E-02
      136.14172    1.84998E+05    2.74478E-02
      136.68197    1.84831E+05    2.74434E-02
      137.22221    1.84642E+05    2.74356E-02
      137.76246    1.84457E+05    2.74286E-02
      138.30270    1.84290E+05    2.74241E-02
      138.84295    1.84183E+05    2.74286E-02
      139.38319    1.84165E+05    2.74463E-02
      139.92344    1.84193E+05    2.74710E-02
      140.46368    1.84194E+05    2.74916E-02
      141.00393    1.84074E+05    2.74943E-02
      141.54417    1.83842E+05    2.74800E-02
      142.08442    1.83603E+05    2.74649E-02
      142.62466    1.83474E+05    2.74662E-02
      143.16491    1.83485E+05    2.74884E-02
      143.70515    1.83504E+05    2.75118E-02
      144.24540    1.83321E+05    2.75050E-02
      144.78564    1.82871E+05    2.74582E-02
      145.32589    1.82340E+05    2.73990E-02
      145.86613    1.82082E+05    2.73808E-02
      146.40638    1.82245E+05    2.74259E-02
      146.94662    1.82637E+05    2.75055E-02
      147.48687    1.82918E+05    2.75686E-02
      148.02711    1.82831E+05    2.75763E-02
      148.56736    1.82372E+05    2.75278E-02
      149.10760    1.81744E+05    2.74538E-02
      149.64785    1.81245E+05    2.73991E-02
      150.18809    1.81102E+05    2.73982E-02
      150.72834    1.81298E+05    2.74487E-02
      151.26858    1.81618E+05    2.75179E-02
      151.80883    1.81756E+05    2.75597E-02
      152.34907    1.81513E+05    2.75437E-02
      152.88931    1.81017E+05    2.74894E-02
      153.42956    1.80585E+05    2.74445E-02
      153.96980    1.80386E+05    2.74351E-02
      154.51005    1.80370E+05    2.74536E-02
      155.05029    1.80360E+05    2.74730E-02
      155.59054    1.80240E+05    2.74755E-02
      156.13078    1.80108E+05    2.74765E-02
      156.67103    1.80063E+05    2.74906E-02
      157.21127    1.80026E+05    2.75059E-02
      157.75152    1.79898E+05    2.75073E-02
      158.29176    1.79711E+05    2.74998E-02
      158.83201    1.79499E+05    2.74883E-02
      159.37225    1.79262E+05    2.74732E-02
      159.91250    1.79019E+05    2.74569E-02
      160.45274    1.78817E+05    2.74469E-02
      160.99299    1.78677E+05    2.74465E-02
      161.53323    1.78607E+05    2.74569E-02
      162.07348    1.78551E+05    2.74694E-02
      162.61372    1.78491E+05    2.74813E-02
      163.15397    1.78394E+05    2.74874E-02
      163.69421    1.78226E+05    2.74828E-02
      164.23446    1.78081E+05    2.74816E-02
      164.77470    1.78010E+05    2.74919E-02
      165.31495    1.77959E+05    2.75052E-02
      165.85519    1.77820E+05    2.75050E-02
      166.39544    1.77561E+05    2.74863E-02
      166.93568    1.77294E+05    2.74661E-02
      167.47593    1.77132E+05    2.74624E-02
      168.01617    1.77111E+05    2.74803E-02
      168.55642    1.77137E+05    2.75058E-02
      169.09666    1.77112E+05    2.75233E-02
      169.63691    1.76970E+05    2.75226E-02
      170.17715    1.76723E+05    2.75055E-02
      170.71740    1.76469E+05    2.74874E-02
      171.25764    1.76246E+05    2.74741E-02
      171.79789    1.76067E+05    2.74675E-02
      172.33813    1.75946E+05    2.74701E-02
      172.87838    1.75837E+05    2.74745E-02
      173.41862    1.75766E+05    2.74849E-02
      173.95887    1.75776E+05    2.75080E-02
      174.49911    1.75768E+05    2.75283E-02
      175.03936    1.75621E+05    2.75269E-02
      175.57960    1.75308E+05    2.74993E-02
      176.11985    1.74909E+05    2.74582E-02
      176.66009    1.74587E+05    2.74293E-02
      177.20034    1.74512E+05    2.74390E-02
      177.74058    1.74639E+05    2.74805E-02
      178.28083    1.74738E+05    2.75178E-02
      178.82107    1.74647E+05    2.75251E-02
      179.36132    1.74366E+05    2.75026E-02
      179.90156    1.74034E+05    2.74718E-02
      180.44181    1.73804E+05    2.74572E-02
      180.98205    1.73706E+05    2.74634E-02
      181.52230    1.73629E+05    2.74730E-02
      182.06254    1.73490E+05    2.74726E-02
      182.60279    1.73355E+05    2.74730E-02
      183.14303    1.73361E+05    2.74957E-02
      183.68328    1.73496E+05    2.75390E-02
      184.22352    1.73551E+05    2.75696E-02
      184.76377    1.73372E+05    2.75631E-02
      185.30401    1.73010E+05    2.75275E-02
      185.84426    1.72615E+05    2.74864E-02
      186.38450    1.72318E+05    2.74611E-02
      186.92475    1.72168E+05    2.74590E-02
      187.46499    1.72094E+05    2.74691E-02
      188.00524    1.72036E+05    2.74818E-02
      188.54548    1.72007E+05    2.74991E-02
      189.08573    1.71988E+05    2.75181E-02
      189.62597    1.71907E+05    2.75271E-02
      190.16622    1.71687E+05    2.75139E-02
      190.70646    1.71399E+05    2.74898E-02
      191.24670    1.71204E+05    2.74806E-02
      191.78695    1.71170E+05    2.74972E-02
      192.32719    1.71228E+05    2.75286E-02
      192.86744    1.71234E+05    2.75517E-02
      193.40768    1.71077E+05    2.75487E-02
      193.94793    1.70833E+05    2.75315E-02
      194.48817    1.70579E+05    2.75127E-02
      195.02842    1.70323E+05    2.74937E-02
      195.56866    1.70101E+05    2.74799E-02
      196.10891    1.69937E+05    2.74757E-02
      196.64915    1.69817E+05    2.74784E-02
      197.18940    1.69742E+05    2.74886E-02
      197.72964    1.69709E+05    2.75055E-02
      198.26989    1.69681E+05    2.75232E-02
      198.81013    1.69619E+05    2.75356E-02
      199.35038    1.69516E+05    2.75411E-02
      199.89062    1.69366E+05    2.75392E-02
      200.43087    1.69166E+05    2.75290E-02
      200.97111    1.68913E+05    2.75102E-02
      201.51136    1.68640E+05    2.74881E-02
      202.05160    1.68419E+05    2.74745E-02
      202.59185    1.68321E+05    2.74810E-02
      203.13209    1.68326E+05    2.75042E-02
      203.67234    1.68386E+05    2.75366E-02
      204.21258    1.68448E+05    2.75693E-02
      204.75283    1.68419E+05    2.75871E-02
      205.29307    1.68245E+05    2.75812E-02
      205.83332    1.67941E+05    2.75539E-02
      206.37356    1.67603E+05    2.75211E-02
      206.91381    1.67314E+05    2.74961E-02
      207.45405    1.67136E+05    2.74895E-02
      207.99430    1.67100E+05    2.75061E-02
      208.53454    1.67145E+05    2.75363E-02
      209.07479    1.67115E+05    2.75541E-02
      209.61503    1.66880E+05    2.75379E-02
      210.15528    1.66505E+05    2.74988E-02
      210.69552    1.66179E+05    2.74676E-02
      211.23577    1.66048E+05    2.74687E-02
      211.77601    1.66110E+05    2.75017E-02
      212.31626    1.66182E+05    2.75363E-02
      212.85650    1.66060E+05    2.75390E-02
      213.39675    1.65776E+05    2.75147E-02
      213.93699    1.65491E+05    2.74902E-02
      214.47724    1.65297E+05    2.74808E-02
      215.01748    1.65234E+05    2.74932E-02
      215.55773    1.65260E+05    2.75203E-02
      216.09797    1.65301E+05    2.75502E-02
      216.63822    1.65244E+05    2.75637E-02
      217.17846    1.65012E+05    2.75478E-02
      217.71871    1.64605E+05    2.75029E-02
      218.25895    1.64167E+05    2.74527E-02
      218.79920    1.63890E+05    2.74293E-02
      219.33944    1.63858E+05    2.74470E-02
      219.87969    1.63966E+05    2.74880E-02
      220.41993    1.64115E+05    2.75361E-02
      220.96018    1.64258E+05    2.75832E-02
      221.50042    1.64267E+05    2.76079E-02
      222.04067    1.64014E+05    2.75886E-02
      222.58091    1.63552E+05    2.75339E-02
      223.12116    1.63093E+05    2.74799E-02
      223.66140    1.62846E+05    2.74613E-02
      224.20165    1.62845E+05    2.74843E-02
      224.74189    1.62964E+05    2.75278E-02
      225.28214    1.63043E+05    2.75644E-02
      225.82238    1.63044E+05    2.75878E-02
      226.36263    1.62975E+05    2.75994E-02
      226.90287    1.62799E+05    2.75931E-02
      227.44312    1.62472E+05    2.75611E-02
      227.98336    1.62077E+05    2.75173E-02
      228.52360    1.61774E+05    2.74892E-02
      229.06385    1.61652E+05    2.74919E-02
      229.60409    1.61649E+05    2.75148E-02
      230.14434    1.61677E+05    2.75430E-02
      230.68458    1.61677E+05    2.75664E-02
      231.22483    1.61602E+05    2.75770E-02
      231.76507    1.61383E+05    2.75633E-02
      232.30532    1.61049E+05    2.75298E-02
      232.84556    1.60681E+05    2.74903E-02
      233.38581    1.60425E+05    2.74700E-02
      233.92605    1.60370E+05    2.74842E-02
      234.46630    1.60462E+05    2.75235E-02
      235.00654    1.60529E+05    2.75586E-02
      235.54679    1.60468E+05    2.75718E-02
      236.08703    1.60239E+05    2.75561E-02
      236.62728    1.59901E+05    2.75217E-02
      237.16752    1.59592E+05    2.74922E-02
      237.70777    1.59392E+05    2.74814E-02
      238.24801    1.59279E+05    2.74857E-02
      238.78826    1.59221E+05    2.74993E-02
      239.32850    1.59203E+05    2.75200E-02
      239.86875    1.59187E+05    2.75410E-02
      240.40899    1.59158E+05    2.75599E-02
      240.94924    1.59062E+05    2.75670E-02
      241.48948    1.58864E+05    2.75566E-02
      242.02973    1.58626E+05    2.75393E-02
      242.56997    1.58386E+05    2.75214E-02
      243.11022    1.58132E+05    2.75011E-02
      243.65046    1.57914E+05    2.74872E-02
      244.19071    1.57804E+05    2.74919E-02
      244.73095    1.57778E+05    2.75114E-02
      245.27120    1.57749E+05    2.75303E-02
      245.81144    1.57657E+05    2.75384E-02
      246.35169    1.57480E+05    2.75315E-02
      246.89193    1.57269E+05    2.75187E-02
      247.43218    1.57113E+05    2.75155E-02
      247.97242    1.57059E+05    2.75300E-02
      248.51267    1.57044E+05    2.75515E-02
      249.05291    1.56963E+05    2.75616E-02
      249.59316    1.56747E+05    2.75478E-02
      250.13340    1.56439E+05    2.75179E-02
      250.67365    1.56177E+05    2.74960E-02
      251.21389    1.56058E+05    2.74992E-02
      251.75414    1.56024E+05    2.75175E-02
      252.29438    1.55955E+05    2.75296E-02
      252.83463    1.55832E+05    2.75321E-02
      253.37487    1.55667E+05    2.75274E-02
      253.91512    1.55481E+05    2.75187E-02
      254.45536    1.55281E+05    2.75077E-02
      254.99561    1.55141E+05    2.75072E-02
      255.53585    1.55126E+05    2.75291E-02
      256.07610    1.55190E+05    2.75648E-02
      256.61634    1.55182E+05    2.75880E-02
      257.15659    1.54971E+05    2.75749E-02
      257.69683    1.54572E+05    2.75284E-02
      258.23708    1.54151E+05    2.74779E-02
      258.77732    1.53884E+05    2.74547E-02
      259.31757    1.53869E+05    2.74766E-02
      259.85781    1.54069E+05    2.75368E-02
      260.39806    1.54301E+05    2.76031E-02
      260.93830    1.54379E+05    2.76417E-02
      261.47855    1.54196E+05    2.76337E-02
      262.01879    1.53776E+05    2.75832E-02
      262.55904    1.53310E+05    2.75243E-02
      263.09928    1.52952E+05    2.74847E-02
      263.63953    1.52819E+05    2.74855E-02
      264.17977    1.52899E+05    2.75246E-02
      264.72002    1.53000E+05    2.75676E-02
      265.26026    1.52913E+05    2.75768E-02
      265.80051    1.52602E+05    2.75455E-02
      266.34075    1.52221E+05    2.75015E-02
      266.88099    1.51985E+05    2.74837E-02
      267.42124    1.52010E+05    2.75132E-02
      267.96148    1.52201E+05    2.75726E-02
      268.50173    1.52351E+05    2.76249E-02
      269.04197    1.52275E+05    2.76362E-02
      269.58222    1.51950E+05    2.76022E-02
      270.12246    1.51521E+05    2.75492E-02
      270.66271    1.51189E+05    2.75139E-02
      271.20295    1.51118E+05    2.75261E-02
      271.74320    1.51253E+05    2.75757E-02
      272.28344    1.51320E+05    2.76131E-02
      272.82369    1.51141E+05    2.76057E-02
      273.36393    1.50768E+05    2.75626E-02
      273.90418    1.50370E+05    2.75151E-02
      274.44442    1.50151E+05    2.75001E-02
      274.98467    1.50183E+05    2.75313E-02
      275.52491    1.50350E+05    2.75871E-02
      276.06516    1.50410E+05    2.76235E-02
      276.60540    1.50240E+05    2.76177E-02
      277.14565    1.49850E+05    2.75713E-02
      277.68589    1.49386E+05    2.75113E-02
      278.22614    1.49070E+05    2.74783E-02
      278.76638    1.48999E+05    2.74907E-02
      279.30663    1.49084E+05    2.75316E-02
      279.84687    1.49159E+05    2.75710E-02
      280.38712    1.49141E+05    2.75931E-02
      280.92736    1.49027E+05    2.75975E-02
      281.46761    1.48837E+05    2.75880E-02
      282.00785    1.48569E+05    2.75639E-02
      282.54810    1.48275E+05    2.75349E-02
      283.08834    1.48031E+05    2.75151E-02
      283.62859    1.47935E+05    2.75227E-02
      284.16883    1.47958E+05    2.75527E-02
      284.70908    1.47983E+05    2.75830E-02
      285.24932    1.47894E+05    2.75922E-02
      285.78957    1.47637E+05    2.75700E-02
      286.32981    1.47270E+05    2.75271E-02
      286.87006    1.46946E+05    2.74923E-02
      287.41030    1.46770E+05    2.74851E-02
      287.95055    1.46763E+05    2.75095E-02
      288.49079    1.46837E+05    2.75492E-02
      289.03104    1.46886E+05    2.75842E-02
      289.57128    1.46813E+05    2.75964E-02
      290.11153    1.46579E+05    2.75784E-02
      290.65177    1.46239E+05    2.75403E-02
      291.19202    1.45868E+05    2.74963E-02
      291.73226    1.45622E+05    2.74758E-02
      292.27251    1.45621E+05    2.75016E-02
      292.81275    1.45797E+05    2.75610E-02
      293.35300    1.45912E+05    2.76087E-02
      293.89324    1.45701E+05    2.75949E-02
      294.43349    1.45239E+05    2.75335E-02
      294.97373    1.44823E+05    2.74806E-02
      295.51398    1.44654E+05    2.74747E-02
      296.05422    1.44697E+05    2.75090E-02
      296.59447    1.44811E+05    2.75569E-02
      297.13471    1.44881E+05    2.75964E-02
      297.67496    1.44872E+05    2.76210E-02
      298.21520    1.44722E+05    2.76186E-02
      298.75545    1.44422E+05    2.75878E-02
      299.29569    1.44059E+05    2.75448E-02
      299.83594    1.43744E+05    2.75108E-02
      300.37618    1.43568E+05    2.75034E-02
      300.91643    1.43554E+05    2.75272E-02
      301.45667    1.43652E+05    2.75723E-02
      301.99692    1.43682E+05    2.76046E-02
      302.53716    1.43496E+05    2.75954E-02
      303.07741    1.43107E+05    2.75471E-02
      303.61765    1.42742E+05    2.75033E-02
      304.15790    1.42609E+05    2.75042E-02
      304.69814    1.42752E+05    2.75583E-02
      305.23838    1.42993E+05    2.76316E-02
      305.77863    1.43064E+05    2.76720E-02
      306.31887    1.42790E+05    2.76457E-02
      306.85912    1.42254E+05    2.75686E-02
      307.39936    1.41689E+05    2.74858E-02
      307.93961    1.41317E+05    2.74402E-02
      308.47985    1.41233E+05    2.74505E-02
      309.02010    1.41403E+05    2.75103E-02
      309.56034    1.41646E+05    2.75845E-02
      310.10059    1.41769E+05    2.76354E-02
      310.64083    1.41683E+05    2.76455E-02
      311.18108    1.41377E+05    2.76127E-02
      311.72132    1.40940E+05    2.75543E-02
      312.26157    1.40538E+05    2.75025E-02
      312.80181    1.40331E+05    2.74890E-02
      313.34206    1.40312E+05    2.75122E-02
      313.88230    1.40372E+05    2.75509E-02
      314.42255    1.40347E+05    2.75732E-02
      314.96279    1.40167E+05    2.75649E-02
      315.50304    1.39950E+05    2.75493E-02
      316.04328    1.39830E+05    2.75527E-02
      316.58353    1.39801E+05    2.75742E-02
      317.12377    1.39779E+05    2.75969E-02
      317.66402    1.39662E+05    2.76011E-02
      318.20426    1.39465E+05    2.75895E-02
      318.74451    1.39232E+05    2.75707E-02
      319.28475    1.38944E+05    2.75409E-02
      319.82500    1.38669E+05    2.75137E-02
      320.36524    1.38475E+05    2.75025E-02
      320.90549    1.38422E+05    2.75194E-02
      321.44573    1.38510E+05    2.75641E-02
      321.98598    1.38642E+05    2.76179E-02
      322.52622    1.38687E+05    2.76544E-02
      323.06647    1.38522E+05    2.76491E-02
      323.60671    1.38139E+05    2.76001E-02
      324.14696    1.37630E+05    2.75261E-02
      324.68720    1.37206E+05    2.74687E-02
      325.22745    1.37021E+05    2.74592E-02
      325.76769    1.37083E+05    2.74991E-02
      326.30794    1.37257E+05    2.75617E-02
      326.84818    1.37380E+05    2.76142E-02
      327.38843    1.37337E+05    2.76333E-02
      327.92867    1.37108E+05    2.76149E-02
      328.46892    1.36729E+05    2.75663E-02
      329.00916    1.36366E+05    2.75208E-02
      329.54941    1.36189E+05    2.75130E-02
      330.08965    1.36260E+05    2.75551E-02
      330.62990    1.36459E+05    2.76233E-02
      331.17014    1.36515E+05    2.76626E-02
      331.71039    1.36281E+05    2.76432E-02
      332.25063    1.35821E+05    2.75778E-02
      332.79088    1.35343E+05    2.75087E-02
      333.33112    1.35108E+05    2.74890E-02
      333.87137    1.35150E+05    2.75254E-02
      334.41161    1.35273E+05    2.75785E-02
      334.95186    1.35265E+05    2.76050E-02
      335.49210    1.35069E+05    2.75933E-02
      336.03235    1.34810E+05    2.75686E-02
      336.57259    1.34639E+05    2.75616E-02
      337.11284    1.34556E+05    2.75731E-02
      337.65308    1.34481E+05    2.75858E-02
      338.19333    1.34355E+05    2.75883E-02
      338.73357    1.34240E+05    2.75931E-02
      339.27382    1.34227E+05    2.76187E-02
      339.81406    1.34264E+05    2.76548E-02
      340.35431    1.34182E+05    2.76663E-02
      340.89455    1.33887E+05    2.76340E-02
      341.43480    1.33454E+05    2.75731E-02
      341.97504    1.33081E+05    2.75246E-02
      342.51528    1.32912E+05    2.75181E-02
      343.05553    1.32944E+05    2.75531E-02
      343.59577    1.33063E+05    2.76063E-02
      344.13602    1.33126E+05    2.76483E-02
      344.67626    1.32993E+05    2.76492E-02
      345.21651    1.32621E+05    2.76007E-02
      345.75675    1.32143E+05    2.75298E-02
      346.29700    1.31816E+05    2.74902E-02
      346.83724    1.31789E+05    2.75134E-02
      347.37749    1.31946E+05    2.75750E-02
      347.91773    1.32070E+05    2.76298E-02
      348.45798    1.32035E+05    2.76513E-02
      348.99822    1.31823E+05    2.76359E-02
      349.53847    1.31500E+05    2.75970E-02
      350.07871    1.31140E+05    2.75505E-02
      350.61896    1.30835E+05    2.75152E-02
      351.15920    1.30683E+05    2.75122E-02
      351.69945    1.30675E+05    2.75395E-02
      352.23969    1.30707E+05    2.75753E-02
      352.77994    1.30711E+05    2.76052E-02
      353.32018    1.30639E+05    2.76193E-02
      353.86043    1.30474E+05    2.76136E-02
      354.40067    1.30269E+05    2.75994E-02
      354.94092    1.30072E+05    2.75869E-02
      355.48116    1.29882E+05    2.75757E-02
      356.02141    1.29693E+05    2.75650E-02
      356.56165    1.29520E+05    2.75575E-02
      357.10190    1.29424E+05    2.75663E-02
      357.64214    1.29431E+05    2.75973E-02
      358.18239    1.29498E+05    2.76409E-02
      358.72263    1.29490E+05    2.76689E-02
      359.26288    1.29310E+05    2.76600E-02
      359.80312    1.28983E+05    2.76196E-02
      360.34337    1.28622E+05    2.75717E-02
      360.88361    1.28345E+05    2.75418E-02
      361.42386    1.28201E+05    2.75405E-02
      361.96410    1.28167E+05    2.75628E-02
      362.50435    1.28209E+05    2.76015E-02
      363.04459    1.28245E+05    2.76390E-02
      363.58484    1.28173E+05    2.76532E-02
      364.12508    1.27939E+05    2.76327E-02
      364.66533    1.27592E+05    2.75875E-02
      365.20557    1.27280E+05    2.75497E-02
      365.74582    1.27139E+05    2.75492E-02
      366.28606    1.27235E+05    2.75997E-02
      366.82631    1.27419E+05    2.76697E-02
      367.36655    1.27449E+05    2.77062E-02
      367.90680    1.27204E+05    2.76831E-02
      368.44704    1.26772E+05    2.76191E-02
      368.98729    1.26354E+05    2.75582E-02
      369.52753    1.26102E+05    2.75333E-02
      370.06778    1.26015E+05    2.75442E-02
      370.60802    1.26017E+05    2.75748E-02
      371.14827    1.26037E+05    2.76094E-02
      371.68851    1.26016E+05    2.76350E-02
      372.22876    1.25929E+05    2.76464E-02
      372.76900    1.25791E+05    2.76464E-02
      373.30925    1.25628E+05    2.76409E-02
      373.84949    1.25426E+05    2.76268E-02
      374.38974    1.25155E+05    2.75975E-02
      374.92998    1.24849E+05    2.75605E-02
      375.47023    1.24601E+05    2.75362E-02
      376.01047    1.24512E+05    2.75470E-02
      376.55072    1.24585E+05    2.75935E-02
      377.09096    1.24712E+05    2.76524E-02
      377.63121    1.24766E+05    2.76950E-02
      378.17145    1.24653E+05    2.77008E-02
      378.71170    1.24344E+05    2.76627E-02
      379.25194    1.23931E+05    2.76016E-02
      379.79219    1.23560E+05    2.75496E-02
      380.33243    1.23339E+05    2.75309E-02
      380.87267    1.23348E+05    2.75638E-02
      381.41292    1.23496E+05    2.76277E-02
      381.95316    1.23596E+05    2.76810E-02
      382.49341    1.23533E+05    2.76980E-02
      383.03365    1.23285E+05    2.76734E-02
      383.57390    1.22930E+05    2.76247E-02
      384.11414    1.22611E+05    2.75841E-02
      384.65439    1.22410E+05    2.75698E-02
      385.19463    1.22313E+05    2.75790E-02
      385.73488    1.22297E+05    2.76066E-02
      386.27512    1.22320E+05    2.76428E-02
      386.81537    1.22274E+05    2.76639E-02
      387.35561    1.22095E+05    2.76547E-02
      387.89586    1.21815E+05    2.76225E-02
      388.43610    1.21508E+05    2.75840E-02
      388.97635    1.21259E+05    2.75589E-02
      389.51659    1.21171E+05    2.75702E-02
      390.05684    1.21248E+05    2.76192E-02
      390.59708    1.21401E+05    2.76856E-02
      391.13733    1.21478E+05    2.77346E-02
      391.67757    1.21337E+05    2.77342E-02
      392.21782    1.20965E+05    2.76807E-02
      392.75806    1.20506E+05    2.76073E-02
      393.29831    1.20140E+05    2.75551E-02
      393.83855    1.20025E+05    2.75602E-02
      394.37880    1.20103E+05    2.76100E-02
      394.91904    1.20186E+05    2.76608E-02
      395.45929    1.20133E+05    2.76804E-02
      395.99953    1.19955E+05    2.76713E-02
      396.53978    1.19745E+05    2.76548E-02
      397.08002    1.19586E+05    2.76500E-02
      397.62027    1.19484E+05    2.76583E-02
      398.16051    1.19384E+05    2.76672E-02
      398.70076    1.19251E+05    2.76685E-02
      399.24100    1.19085E+05    2.76621E-02
      399.78125    1.18942E+05    2.76610E-02
      400.32149    1.18866E+05    2.76755E-02
      400.86174    1.18835E+05    2.77005E-02
      401.40198    1.18712E+05    2.77040E-02
      401.94223    1.18403E+05    2.76642E-02
      402.48247    1.18005E+05    2.76035E-02
      403.02272    1.17670E+05    2.75575E-02
      403.56296    1.17499E+05    2.75497E-02
      404.10321    1.17502E+05    2.75827E-02
      404.64345    1.17633E+05    2.76458E-02
      405.18370    1.17759E+05    2.77079E-02
      405.72394    1.17736E+05    2.77352E-02
      406.26419    1.17483E+05    2.77084E-02
      406.80443    1.17092E+05    2.76487E-02
      407.34468    1.16732E+05    2.75962E-02
      407.88492    1.16568E+05    2.75900E-02
      408.42517    1.16658E+05    2.76441E-02
      408.96541    1.16866E+05    2.77263E-02
      409.50566    1.16938E+05    2.77762E-02
      410.04590    1.16693E+05    2.77510E-02
      410.58615    1.16224E+05    2.76724E-02
      411.12639    1.15810E+05    2.76066E-02
      411.66664    1.15649E+05    2.76012E-02
      412.20688    1.15687E+05    2.76432E-02
      412.74713    1.15708E+05    2.76813E-02
      413.28737    1.15545E+05    2.76755E-02
      413.82762    1.15286E+05    2.76466E-02
      414.36786    1.15127E+05    2.76416E-02
      414.90811    1.15117E+05    2.76723E-02
      415.44835    1.15140E+05    2.77111E-02
      415.98860    1.15055E+05    2.77241E-02
      416.52884    1.14829E+05    2.77031E-02
      417.06909    1.14532E+05    2.76648E-02
      417.60933    1.14310E+05    2.76445E-02
      418.14958    1.14227E+05    2.76578E-02
      418.68982    1.14228E+05    2.76916E-02
      419.23006    1.14231E+05    2.77260E-02
      419.77031    1.14124E+05    2.77337E-02
      420.31055    1.13862E+05    2.77037E-02
      420.85080    1.13532E+05    2.76571E-02
      421.39104    1.13268E+05    2.76262E-02
      421.93129    1.13138E+05    2.76284E-02
      422.47153    1.13142E+05    2.76631E-02
      423.01178    1.13174E+05    2.77047E-02
      423.55202    1.13114E+05    2.77239E-02
      424.09227    1.12929E+05    2.77127E-02
      424.63251    1.12677E+05    2.76847E-02
      425.17276    1.12442E+05    2.76611E-02
      425.71300    1.12248E+05    2.76473E-02
      426.25325    1.12070E+05    2.76375E-02
      426.79349    1.11925E+05    2.76359E-02
      427.33374    1.11841E+05    2.76491E-02
      427.87398    1.11836E+05    2.76822E-02
      428.41423    1.11850E+05    2.77200E-02
      428.95447    1.11841E+05    2.77522E-02
      429.49472    1.11758E+05    2.77659E-02
      430.03496    1.11557E+05    2.77504E-02
      430.57521    1.11255E+05    2.77099E-02
      431.11545    1.10923E+05    2.76616E-02
      431.65570    1.10660E+05    2.76305E-02
      432.19594    1.10529E+05    2.76323E-02
      432.73619    1.10501E+05    2.76597E-02
      433.27643    1.10460E+05    2.76843E-02
      433.81668    1.10351E+05    2.76916E-02
      434.35692    1.10222E+05    2.76940E-02
      434.89717    1.10138E+05    2.77076E-02
      435.43741    1.10083E+05    2.77288E-02
      435.97766    1.10021E+05    2.77480E-02
      436.51790    1.09864E+05    2.77434E-02
      437.05815    1.09568E+05    2.77038E-02
      437.59839    1.09224E+05    2.76517E-02
      438.13864    1.08972E+05    2.76229E-02
      438.67888    1.08880E+05    2.76344E-02
      439.21913    1.08888E+05    2.76716E-02
      439.75937    1.08872E+05    2.77028E-02
      440.29962    1.08772E+05    2.77125E-02
      440.83986    1.08606E+05    2.77055E-02
      441.38011    1.08402E+05    2.76889E-02
      441.92035    1.08201E+05    2.76729E-02
      442.46060    1.08070E+05    2.76748E-02
      443.00084    1.08050E+05    2.77051E-02
      443.54109    1.08085E+05    2.77496E-02
      444.08133    1.08048E+05    2.77759E-02
      444.62158    1.07882E+05    2.77690E-02
      445.16182    1.07595E+05    2.77308E-02
      445.70207    1.07299E+05    2.76900E-02
      446.24231    1.07105E+05    2.76758E-02
      446.78256    1.07027E+05    2.76913E-02
      447.32280    1.06984E+05    2.77161E-02
      447.86305    1.06943E+05    2.77413E-02
      448.40329    1.06861E+05    2.77561E-02
      448.94354    1.06713E+05    2.77536E-02
      449.48378    1.06483E+05    2.77299E-02
      450.02403    1.06156E+05    2.76809E-02
      450.56427    1.05803E+05    2.76248E-02
      451.10452    1.05610E+05    2.76104E-02
      451.64476    1.05650E+05    2.76571E-02
      452.18501    1.05822E+05    2.77383E-02
      452.72525    1.05934E+05    2.78041E-02
      453.26550    1.05818E+05    2.78101E-02
      453.80574    1.05470E+05    2.77552E-02
      454.34599    1.05102E+05    2.76948E-02
      454.88623    1.04861E+05    2.76678E-02
      455.42648    1.04761E+05    2.76779E-02
      455.96672    1.04728E+05    2.77058E-02
      456.50697    1.04669E+05    2.77269E-02
      457.04721    1.04522E+05    2.77246E-02
      457.58745    1.04310E+05    2.77051E-02
      458.12770    1.04098E+05    2.76858E-02
      458.66794    1.03961E+05    2.76859E-02
      459.20819    1.03884E+05    2.77023E-02
      459.74843    1.03782E+05    2.77122E-02
      460.28868    1.03643E+05    2.77119E-02
      460.82892    1.03481E+05    2.77059E-02
      461.36917    1.03339E+05    2.77049E-02
      461.90941    1.03258E+05    2.77204E-02
      462.44966    1.03267E+05    2.77600E-02
      462.98990    1.03307E+05    2.78082E-02
      463.53015    1.03205E+05    2.78182E-02
      464.07039    1.02888E+05    2.77701E-02
      464.61064    1.02484E+05    2.76983E-02
      465.15088    1.02157E+05    2.76473E-02
      465.69113    1.02001E+05    2.76426E-02
      466.23137    1.02003E+05    2.76806E-02
      466.77162    1.02072E+05    2.77370E-02
      467.31186    1.02094E+05    2.77807E-02
      467.85211    1.02007E+05    2.77948E-02
      468.39235    1.01834E+05    2.77854E-02
      468.93260    1.01591E+05    2.77572E-02
      469.47284    1.01299E+05    2.77151E-02
      470.01309    1.01005E+05    2.76726E-02
      470.55333    1.00790E+05    2.76516E-02
      471.09358    1.00721E+05    2.76707E-02
      471.63382    1.00803E+05    2.77313E-02
      472.17407    1.00918E+05    2.78012E-02
      472.71431    1.00875E+05    2.78275E-02
      473.25456    1.00605E+05    2.77915E-02
      473.79480    1.00222E+05    2.77238E-02
      474.33505    9.99034E+04    2.76741E-02
      474.87529    9.97586E+04    2.76723E-02
      475.41554    9.97434E+04    2.77065E-02
      475.95578    9.97493E+04    2.77467E-02
      476.49603    9.97256E+04    2.77787E-02
      477.03627    9.96576E+04    2.77985E-02
      477.57652    9.95243E+04    2.78001E-02
      478.11676    9.92956E+04    2.77750E-02
      478.65701    9.90317E+04    2.77400E-02
      479.19725    9.88668E+04    2.77326E-02
      479.73750    9.88311E+04    2.77615E-02
      480.27774    9.88526E+04    2.78066E-02
      480.81799    9.88211E+04    2.78369E-02
      481.35823    9.87067E+04    2.78439E-02
      481.89848    9.84980E+04    2.78243E-02
      482.43872    9.81797E+04    2.77736E-02
      482.97897    9.78091E+04    2.77080E-02
      483.51921    9.75378E+04    2.76703E-02
      484.05946    9.74416E+04    2.76823E-02
      484.59970    9.74801E+04    2.77326E-02
      485.13995    9.75752E+04    2.77992E-02
      485.68019    9.76250E+04    2.78531E-02
      486.22044    9.75231E+04    2.78637E-02
      486.76068    9.72859E+04    2.78357E-02
      487.30093    9.70231E+04    2.78003E-02
      487.84117    9.67860E+04    2.77722E-02
      488.38142    9.66034E+04    2.77596E-02
      488.92166    9.64721E+04    2.77617E-02
      489.46191    9.63242E+04    2.77591E-02
      490.00215    9.61274E+04    2.77424E-02
      490.54240    9.59214E+04    2.77230E-02
      491.08264    9.57554E+04    2.77150E-02
      491.62289    9.56894E+04    2.77361E-02
      492.16313    9.56930E+04    2.77774E-02
      492.70338    9.56557E+04    2.78069E-02
      493.24362    9.55202E+04    2.78079E-02
      493.78387    9.53046E+04    2.77856E-02
      494.32411    9.50583E+04    2.77543E-02
      494.86435    9.48474E+04    2.77332E-02
      495.40460    9.47138E+04    2.77346E-02
      495.94484    9.46387E+04    2.77533E-02
      496.48509    9.45708E+04    2.77741E-02
      497.02533    9.44698E+04    2.77852E-02
      497.56558    9.43123E+04    2.77798E-02
      498.10582    9.41248E+04    2.77654E-02
      498.64607    9.40342E+04    2.77797E-02
      499.18631    9.40716E+04    2.78318E-02
      499.72656    9.41451E+04    2.78948E-02
      500.26680    9.40530E+04    2.79089E-02
      500.80705    9.37065E+04    2.78474E-02
      501.34729    9.32123E+04    2.77418E-02
      501.88754    9.28024E+04    2.76609E-02
      502.42778    9.26608E+04    2.76599E-02
      502.96803    9.27805E+04    2.77371E-02
      503.50827    9.30174E+04    2.78495E-02
      504.04852    9.31593E+04    2.79338E-02
      504.58876    9.30781E+04    2.79514E-02
      505.12901    9.28028E+04    2.79106E-02
      505.66925    9.24686E+04    2.78520E-02
      506.20950    9.21830E+04    2.78078E-02
      506.74974    9.19574E+04    2.77817E-02
      507.28999    9.17713E+04    2.77674E-02
      507.83023    9.16081E+04    2.77600E-02
      508.37048    9.14848E+04    2.77647E-02
      508.91072    9.14416E+04    2.77938E-02
      509.45097    9.14692E+04    2.78445E-02
      509.99121    9.14837E+04    2.78914E-02
      510.53146    9.13817E+04    2.79028E-02
      511.07170    9.11205E+04    2.78656E-02
      511.61195    9.07834E+04    2.78050E-02
      512.15219    9.05373E+04    2.77722E-02
      512.69244    9.04977E+04    2.78027E-02
      513.23268    9.05596E+04    2.78645E-02
      513.77293    9.05220E+04    2.78958E-02
      514.31317    9.02978E+04    2.78697E-02
      514.85342    8.99909E+04    2.78179E-02
      515.39366    8.97833E+04    2.77967E-02
      515.93391    8.97303E+04    2.78234E-02
      516.47415    8.97602E+04    2.78758E-02
      517.01440    8.97501E+04    2.79160E-02
      517.55464    8.96273E+04    2.79213E-02
      518.09489    8.93874E+04    2.78900E-02
      518.63513    8.91101E+04    2.78469E-02
      519.17538    8.88252E+04    2.78013E-02
      519.71562    8.85622E+04    2.77624E-02
      520.25587    8.83687E+04    2.77453E-02
      520.79611    8.83009E+04    2.77676E-02
      521.33636    8.83594E+04    2.78297E-02
      521.87660    8.84490E+04    2.79019E-02
      522.41685    8.84414E+04    2.79436E-02
      522.95709    8.82958E+04    2.79417E-02
      523.49734    8.80335E+04    2.79028E-02
      524.03758    8.77220E+04    2.78482E-02
      524.57783    8.74408E+04    2.78031E-02
      525.11807    8.72754E+04    2.77947E-02
      525.65832    8.72196E+04    2.78212E-02
      526.19856    8.71917E+04    2.78568E-02
      526.73881    8.71280E+04    2.78809E-02
      527.27905    8.70222E+04    2.78917E-02
      527.81930    8.68705E+04    2.78878E-02
      528.35954    8.66844E+04    2.78728E-02
      528.89979    8.64919E+04    2.78557E-02
      529.44003    8.63290E+04    2.78481E-02
      529.98028    8.62024E+04    2.78522E-02
      530.52052    8.60909E+04    2.78611E-02
      531.06077    8.59855E+04    2.78721E-02
      531.60101    8.58670E+04    2.78789E-02
      532.14126    8.57536E+04    2.78874E-02
      532.68150    8.56750E+04    2.79072E-02
      533.22174    8.55966E+04    2.79271E-02
      533.76199    8.54641E+04    2.79294E-02
      534.30223    8.52415E+04    2.79023E-02
      534.84248    8.49518E+04    2.78531E-02
      535.38272    8.47134E+04    2.78205E-02
      535.92297    8.46222E+04    2.78363E-02
      536.46321    8.46500E+04    2.78913E-02
      537.00346    8.46710E+04    2.79442E-02
      537.54370    8.45456E+04    2.79489E-02
      538.08395    8.42700E+04    2.79040E-02
      538.62419    8.39715E+04    2.78513E-02
      539.16444    8.37775E+04    2.78331E-02
      539.70468    8.36771E+04    2.78460E-02
      540.24493    8.35952E+04    2.78651E-02
      540.78517    8.34859E+04    2.78751E-02
      541.32542    8.33515E+04    2.78768E-02
      541.86566    8.32128E+04    2.78770E-02
      542.40591    8.31042E+04    2.78873E-02
      542.94615    8.29880E+04    2.78951E-02
      543.48640    8.28459E+04    2.78942E-02
      544.02664    8.27230E+04    2.78998E-02
      544.56689    8.26060E+04    2.79074E-02
      545.10713    8.24718E+04    2.79092E-02
      545.64738    8.23041E+04    2.78997E-02
      546.18762    8.21252E+04    2.78863E-02
      546.72787    8.20083E+04    2.78940E-02
      547.26811    8.19732E+04    2.79296E-02
      547.80836    8.19525E+04    2.79702E-02
      548.34860    8.18637E+04    2.79876E-02
      548.88885    8.16848E+04    2.79743E-02
      549.42909    8.14462E+04    2.79404E-02
      549.96934    8.11996E+04    2.79037E-02
      550.50958    8.09895E+04    2.78794E-02
      551.04983    8.08343E+04    2.78739E-02
      551.59007    8.06861E+04    2.78709E-02
      552.13032    8.05188E+04    2.78612E-02
      552.67056    8.03431E+04    2.78486E-02
      553.21081    8.02188E+04    2.78537E-02
      553.75105    8.01771E+04    2.78877E-02
      554.29130    8.01529E+04    2.79278E-02
      554.83154    8.00615E+04    2.79447E-02
      555.37179    7.98901E+04    2.79336E-02
      555.91203    7.96986E+04    2.79155E-02
      556.45228    7.95436E+04    2.79101E-02
      556.99252    7.94145E+04    2.79137E-02
      557.53277    7.92964E+04    2.79213E-02
      558.07301    7.91814E+04    2.79299E-02
      558.61326    7.90573E+04    2.79355E-02
      559.15350    7.89296E+04    2.79397E-02
      559.69375    7.87990E+04    2.79429E-02
      560.23399    7.86759E+04    2.79488E-02
      560.77424    7.85244E+04    2.79446E-02
      561.31448    7.83018E+04    2.79151E-02
      561.85473    7.80292E+04    2.78676E-02
      562.39497    7.78568E+04    2.78557E-02
      562.93522    7.78389E+04    2.78992E-02
      563.47546    7.78724E+04    2.79614E-02
      564.01571    7.78359E+04    2.79985E-02
      564.55595    7.76962E+04    2.79986E-02
      565.09620    7.74753E+04    2.79694E-02
      565.63644    7.72240E+04    2.79291E-02
      566.17669    7.69945E+04    2.78966E-02
      566.71693    7.67980E+04    2.78758E-02
      567.25718    7.66479E+04    2.78720E-02
      567.79742    7.65530E+04    2.78882E-02
      568.33767    7.65340E+04    2.79321E-02
      568.87791    7.65566E+04    2.79914E-02
      569.41816    7.65282E+04    2.80323E-02
      569.95840    7.63732E+04    2.80269E-02
      570.49865    7.60851E+04    2.79725E-02
      571.03889    7.57455E+04    2.78989E-02
      571.57913    7.54426E+04    2.78386E-02
      572.11938    7.53080E+04    2.78403E-02
      572.65962    7.53771E+04    2.79175E-02
      573.19987    7.55260E+04    2.80245E-02
      573.74011    7.55617E+04    2.80899E-02
      574.28036    7.53784E+04    2.80739E-02
      574.82060    7.49887E+04    2.79808E-02
      575.36085    7.45653E+04    2.78749E-02
      575.90109    7.42847E+04    2.78220E-02
      576.44134    7.42020E+04    2.78431E-02
      576.98158    7.42276E+04    2.79051E-02
      577.52183    7.42635E+04    2.79712E-02
      578.06207    7.42418E+04    2.80158E-02
      578.60232    7.40948E+04    2.80131E-02
      579.14256    7.38246E+04    2.79639E-02
      579.68281    7.35385E+04    2.79083E-02
      580.22305    7.33590E+04    2.78931E-02
      580.76330    7.33094E+04    2.79274E-02
      581.30354    7.33155E+04    2.79830E-02
      581.84379    7.32888E+04    2.80263E-02
      582.38403    7.31970E+04    2.80448E-02
      582.92428    7.30778E+04    2.80529E-02
      583.46452    7.29106E+04    2.80425E-02
      584.00477    7.26371E+04    2.79912E-02
      584.54501    7.23023E+04    2.79159E-02
      585.08526    7.20576E+04    2.78753E-02
      585.62550    7.19940E+04    2.79047E-02
      586.16575    7.20569E+04    2.79833E-02
      586.70599    7.20875E+04    2.80496E-02
      587.24624    7.19369E+04    2.80456E-02
      587.78648    7.16074E+04    2.79716E-02
      588.32673    7.12514E+04    2.78870E-02
      588.86697    7.10062E+04    2.78456E-02
      589.40722    7.09428E+04    2.78754E-02
      589.94746    7.10305E+04    2.79648E-02
      590.48771    7.11424E+04    2.80641E-02
      591.02795    7.11229E+04    2.81118E-02
      591.56820    7.09048E+04    2.80811E-02
      592.10844    7.05647E+04    2.80019E-02
      592.64869    7.02515E+04    2.79330E-02
      593.18893    7.00572E+04    2.79113E-02
      593.72918    6.99891E+04    2.79398E-02
      594.26942    7.00021E+04    2.80008E-02
      594.80967    7.00346E+04    2.80700E-02
      595.34991    7.00049E+04    2.81144E-02
      595.89016    6.98436E+04    2.81061E-02
      596.43040    6.95755E+04    2.80547E-02
      596.97065    6.92413E+04    2.79763E-02
      597.51089    6.89329E+04    2.79081E-02
      598.05114    6.87383E+04    2.78857E-02
      598.59138    6.87040E+04    2.79284E-02
      599.13163    6.88178E+04    2.80317E-02
      599.67187    6.89467E+04    2.81415E-02
      600.21212    6.89164E+04    2.81867E-02
      600.75236    6.86443E+04    2.81329E-02
      601.29261    6.82343E+04    2.80223E-02
      601.83285    6.79096E+04    2.79464E-02
      602.37310    6.77663E+04    2.79449E-02
      602.91334    6.77495E+04    2.79957E-02
      603.45359    6.77725E+04    2.80631E-02
      603.99383    6.77333E+04    2.81051E-02
      604.53408    6.75925E+04    2.81050E-02
      605.07432    6.73565E+04    2.80652E-02
      605.61457    6.70913E+04    2.80131E-02
      606.15481    6.69064E+04    2.79943E-02
      606.69506    6.68475E+04    2.80283E-02
      607.23530    6.68399E+04    2.80840E-02
      607.77555    6.67577E+04    2.81085E-02
      608.31579    6.65566E+04    2.80830E-02
      608.85604    6.62683E+04    2.80204E-02
      609.39628    6.60065E+04    2.79689E-02
      609.93652    6.58798E+04    2.79744E-02
      610.47677    6.58764E+04    2.80325E-02
      611.01701    6.59123E+04    2.81076E-02
      611.55726    6.58787E+04    2.81533E-02
      612.09750    6.57370E+04    2.81529E-02
      612.63775    6.55210E+04    2.81206E-02
      613.17799    6.52864E+04    2.80802E-02
      613.71824    6.50601E+04    2.80431E-02
      614.25848    6.48913E+04    2.80308E-02
      614.79873    6.47940E+04    2.80494E-02
      615.33897    6.47226E+04    2.80792E-02
      615.87922    6.46406E+04    2.81046E-02
      616.41946    6.45530E+04    2.81277E-02
      616.95971    6.44348E+04    2.81374E-02
      617.49995    6.42939E+04    2.81374E-02
      618.04020    6.41342E+04    2.81290E-02
      618.58044    6.39428E+04    2.81067E-02
      619.12069    6.36922E+04    2.80582E-02
      619.66093    6.34495E+04    2.80130E-02
      620.20118    6.32980E+04    2.80080E-02
      620.74142    6.32425E+04    2.80455E-02
      621.28167    6.32138E+04    2.80950E-02
      621.82191    6.31617E+04    2.81344E-02
      622.36216    6.30691E+04    2.81558E-02
      622.90240    6.29474E+04    2.81644E-02
      623.44265    6.27930E+04    2.81583E-02
      623.98289    6.26076E+04    2.81382E-02
      624.52314    6.23848E+04    2.81013E-02
      625.06338    6.21281E+04    2.80488E-02
      625.60363    6.18918E+04    2.80053E-02
      626.14387    6.17386E+04    2.79994E-02
      626.68412    6.16917E+04    2.80417E-02
      627.22436    6.17251E+04    2.81208E-02
      627.76461    6.17747E+04    2.82076E-02
      628.30485    6.17583E+04    2.82647E-02
      628.84510    6.16366E+04    2.82737E-02
      629.38534    6.13959E+04    2.82280E-02
      629.92559    6.10511E+04    2.81341E-02
      630.46583    6.07366E+04    2.80539E-02
      631.00608    6.05638E+04    2.80388E-02
      631.54632    6.05137E+04    2.80806E-02
      632.08657    6.04870E+04    2.81335E-02
      632.62681    6.04236E+04    2.81695E-02
      633.16706    6.02894E+04    2.81726E-02
      633.70730    6.00746E+04    2.81380E-02
      634.24755    5.98283E+04    2.80884E-02
      634.78779    5.95868E+04    2.80409E-02
      635.32804    5.93882E+04    2.80133E-02
      635.86828    5.92880E+04    2.80321E-02
      636.40853    5.93105E+04    2.81092E-02
      636.94877    5.93933E+04    2.82154E-02
      637.48902    5.93933E+04    2.82825E-02
      638.02926    5.92309E+04    2.82725E-02
      638.56951    5.89377E+04    2.81998E-02
      639.10975    5.86065E+04    2.81086E-02
      639.65000    5.83345E+04    2.80454E-02
      640.19024    5.81728E+04    2.80351E-02
      640.73049    5.80977E+04    2.80665E-02
      641.27073    5.80726E+04    2.81223E-02
      641.81098    5.80314E+04    2.81706E-02
      642.35122    5.79412E+04    2.81952E-02
      642.89147    5.77957E+04    2.81930E-02
      643.43171    5.76257E+04    2.81788E-02
      643.97196    5.74542E+04    2.81638E-02
      644.51220    5.73121E+04    2.81632E-02
      645.05245    5.72149E+04    2.81847E-02
      645.59269    5.71417E+04    2.82181E-02
      646.13294    5.70120E+04    2.82238E-02
      646.67318    5.68122E+04    2.81946E-02
      647.21342    5.66081E+04    2.81632E-02
      647.75367    5.64396E+04    2.81494E-02
      648.29391    5.62988E+04    2.81494E-02
