BEHD @ YYE. Sim. done on 2023-10-27   17h28
### Sim. w/ κ =    0.300 ; and ∆_0 =  2.00; T =    2.98E+05
 ## r =  1.00E-06 ; rhosty =  1.05E+03 ; rhosol =  1.00E+03
 ## k =  2.00 ; ∆_eq =  2.00 ; num_particle =    1000
Time         sumz         <∆z^2>
        0.10805    3.14184E+03    3.92780E-04
        0.21610    1.20456E+04    1.50608E-03
        0.32415    2.60678E+04    3.25969E-03
        0.43220    4.44695E+04    5.56146E-03
        0.54024    6.64426E+04    8.31052E-03
        0.64829    9.11365E+04    1.14006E-02
        0.75634    1.17684E+05    1.47234E-02
        0.86439    1.45225E+05    1.81713E-02
        0.97244    1.72931E+05    2.16408E-02
        1.08049    2.00027E+05    2.50347E-02
        1.18854    2.25808E+05    2.82648E-02
        1.29659    2.49652E+05    3.12533E-02
        1.40464    2.71036E+05    3.39346E-02
        1.51269    2.89540E+05    3.62560E-02
        1.62073    3.04855E+05    3.81785E-02
        1.72878    3.16783E+05    3.96772E-02
        1.83683    3.25233E+05    4.07407E-02
        1.94488    3.30218E+05    4.13703E-02
        2.05293    3.31845E+05    4.15794E-02
        2.16098    3.30307E+05    4.13918E-02
        2.26903    3.25867E+05    4.08406E-02
        2.37708    3.18848E+05    3.99659E-02
        2.48513    3.09619E+05    3.88140E-02
        2.59318    2.98584E+05    3.74353E-02
        2.70122    2.86166E+05    3.58829E-02
        3.24147    2.18082E+05    2.73629E-02
        3.78171    1.71251E+05    2.15004E-02
        4.32196    1.65413E+05    2.07805E-02
        4.86220    1.91405E+05    2.40610E-02
        5.40245    2.25041E+05    2.83070E-02
        5.94269    2.45164E+05    3.08577E-02
        6.48294    2.44526E+05    3.07967E-02
        7.02318    2.29585E+05    2.89332E-02
        7.56343    2.12840E+05    2.68398E-02
        8.10367    2.04035E+05    2.57458E-02
        8.64392    2.05538E+05    2.59518E-02
        9.18416    2.13291E+05    2.69477E-02
        9.72441    2.21063E+05    2.79473E-02
       10.26465    2.24539E+05    2.84047E-02
       10.80490    2.23010E+05    2.82291E-02
       11.34514    2.18733E+05    2.77053E-02
       11.88539    2.14877E+05    2.72341E-02
       12.42563    2.13445E+05    2.70698E-02
       12.96588    2.14488E+05    2.72193E-02
       13.50612    2.16622E+05    2.75075E-02
       14.04637    2.18154E+05    2.77196E-02
       14.58661    2.18181E+05    2.77408E-02
       15.12686    2.16998E+05    2.76079E-02
       15.66710    2.15624E+05    2.74505E-02
       16.20735    2.14912E+05    2.73774E-02
       16.74759    2.15023E+05    2.74089E-02
       17.28784    2.15584E+05    2.74979E-02
       17.82808    2.16089E+05    2.75800E-02
       18.36833    2.16180E+05    2.76092E-02
       18.90857    2.15796E+05    2.75778E-02
       19.44882    2.15155E+05    2.75134E-02
       19.98906    2.14650E+05    2.74664E-02
       20.52931    2.14561E+05    2.74726E-02
       21.06955    2.14801E+05    2.75210E-02
       21.60980    2.15089E+05    2.75755E-02
       22.15004    2.15087E+05    2.75930E-02
       22.69029    2.14629E+05    2.75518E-02
       23.23053    2.13866E+05    2.74716E-02
       23.77078    2.13265E+05    2.74120E-02
       24.31102    2.13233E+05    2.74254E-02
       24.85127    2.13704E+05    2.75037E-02
       25.39151    2.14223E+05    2.75883E-02
       25.93176    2.14344E+05    2.76217E-02
       26.47200    2.13965E+05    2.75905E-02
       27.01225    2.13331E+05    2.75266E-02
       27.55249    2.12793E+05    2.74749E-02
       28.09274    2.12587E+05    2.74660E-02
       28.63298    2.12727E+05    2.75019E-02
       29.17323    2.12938E+05    2.75469E-02
       29.71347    2.12887E+05    2.75582E-02
       30.25372    2.12532E+05    2.75300E-02
       30.79396    2.12153E+05    2.74988E-02
       31.33421    2.11926E+05    2.74871E-02
       31.87445    2.11844E+05    2.74943E-02
       32.41470    2.11835E+05    2.75110E-02
       32.95494    2.11810E+05    2.75257E-02
       33.49519    2.11688E+05    2.75277E-02
       34.03543    2.11410E+05    2.75094E-02
       34.57568    2.11063E+05    2.74821E-02
       35.11592    2.10836E+05    2.74704E-02
       35.65617    2.10832E+05    2.74879E-02
       36.19641    2.10978E+05    2.75248E-02
       36.73666    2.11078E+05    2.75558E-02
       37.27690    2.10992E+05    2.75627E-02
       37.81715    2.10764E+05    2.75508E-02
       38.35739    2.10485E+05    2.75323E-02
       38.89763    2.10174E+05    2.75097E-02
       39.43788    2.09842E+05    2.74842E-02
       39.97812    2.09603E+05    2.74709E-02
       40.51837    2.09564E+05    2.74837E-02
       41.05861    2.09639E+05    2.75117E-02
       41.59886    2.09625E+05    2.75279E-02
       42.13910    2.09469E+05    2.75255E-02
       42.67935    2.09253E+05    2.75152E-02
       43.21959    2.09063E+05    2.75083E-02
       43.75984    2.08956E+05    2.75123E-02
       44.30008    2.08941E+05    2.75284E-02
       44.84033    2.09007E+05    2.75553E-02
       45.38057    2.09038E+05    2.75776E-02
       45.92082    2.08839E+05    2.75695E-02
       46.46106    2.08341E+05    2.75220E-02
       47.00131    2.07708E+05    2.74564E-02
       47.54155    2.07275E+05    2.74174E-02
       48.08180    2.07287E+05    2.74370E-02
       48.62204    2.07629E+05    2.75005E-02
       49.16229    2.07998E+05    2.75676E-02
       49.70253    2.08116E+05    2.76016E-02
       50.24278    2.07918E+05    2.75936E-02
       50.78302    2.07576E+05    2.75665E-02
       51.32327    2.07263E+05    2.75432E-02
       51.86351    2.07003E+05    2.75270E-02
       52.40376    2.06750E+05    2.75117E-02
       52.94400    2.06526E+05    2.75002E-02
       53.48425    2.06415E+05    2.75037E-02
       54.02449    2.06387E+05    2.75183E-02
       54.56474    2.06387E+05    2.75366E-02
       55.10498    2.06379E+05    2.75539E-02
       55.64523    2.06311E+05    2.75633E-02
       56.18547    2.06182E+05    2.75644E-02
       56.72572    2.05986E+05    2.75567E-02
       57.26596    2.05650E+05    2.75301E-02
       57.80621    2.05181E+05    2.74857E-02
       58.34645    2.04742E+05    2.74453E-02
       58.88670    2.04596E+05    2.74442E-02
       59.42694    2.04846E+05    2.74961E-02
       59.96719    2.05322E+05    2.75785E-02
       60.50743    2.05624E+05    2.76377E-02
       61.04768    2.05421E+05    2.76289E-02
       61.58792    2.04777E+05    2.75608E-02
       62.12817    2.04050E+05    2.74815E-02
       62.66841    2.03606E+05    2.74401E-02
       63.20866    2.03590E+05    2.74565E-02
       63.74890    2.03910E+05    2.75183E-02
       64.28915    2.04310E+05    2.75908E-02
       64.82939    2.04472E+05    2.76313E-02
       65.36964    2.04199E+05    2.76131E-02
       65.90988    2.03564E+05    2.75459E-02
       66.45013    2.02894E+05    2.74738E-02
       66.99037    2.02553E+05    2.74461E-02
       67.53062    2.02649E+05    2.74778E-02
       68.07086    2.02991E+05    2.75429E-02
       68.61111    2.03321E+05    2.76063E-02
       69.15135    2.03338E+05    2.76275E-02
       69.69160    2.02943E+05    2.75925E-02
       70.23184    2.02329E+05    2.75278E-02
       70.77209    2.01849E+05    2.74811E-02
       71.31233    2.01754E+05    2.74869E-02
       71.85258    2.01939E+05    2.75309E-02
       72.39282    2.02139E+05    2.75769E-02
       72.93307    2.02155E+05    2.75979E-02
       73.47331    2.01978E+05    2.75927E-02
       74.01356    2.01695E+05    2.75727E-02
       74.55380    2.01396E+05    2.75508E-02
       75.09405    2.01164E+05    2.75379E-02
       75.63429    2.01083E+05    2.75456E-02
       76.17453    2.01150E+05    2.75736E-02
       76.71478    2.01182E+05    2.75970E-02
       77.25502    2.01007E+05    2.75919E-02
       77.79527    2.00584E+05    2.75528E-02
       78.33551    2.00056E+05    2.74992E-02
       78.87576    1.99674E+05    2.74655E-02
       79.41600    1.99590E+05    2.74728E-02
       79.95625    1.99807E+05    2.75216E-02
       80.49649    2.00132E+05    2.75854E-02
       81.03674    2.00292E+05    2.76265E-02
       81.57698    2.00107E+05    2.76201E-02
       82.11723    1.99583E+05    2.75668E-02
       82.65747    1.98954E+05    2.74988E-02
       83.19772    1.98566E+05    2.74642E-02
       83.73796    1.98629E+05    2.74920E-02
       84.27821    1.98995E+05    2.75616E-02
       84.81845    1.99327E+05    2.76268E-02
       85.35870    1.99316E+05    2.76443E-02
       85.89894    1.98894E+05    2.76049E-02
       86.43919    1.98303E+05    2.75421E-02
       86.97943    1.97832E+05    2.74958E-02
       87.51968    1.97580E+05    2.74799E-02
       88.05992    1.97524E+05    2.74912E-02
       88.60017    1.97651E+05    2.75280E-02
       89.14041    1.97852E+05    2.75752E-02
       89.68066    1.97926E+05    2.76048E-02
       90.22090    1.97684E+05    2.75903E-02
       90.76115    1.97168E+05    2.75375E-02
       91.30139    1.96654E+05    2.74849E-02
       91.84164    1.96460E+05    2.74769E-02
       92.38188    1.96643E+05    2.75217E-02
       92.92213    1.96943E+05    2.75831E-02
       93.46237    1.97059E+05    2.76186E-02
       94.00262    1.96881E+05    2.76131E-02
       94.54286    1.96447E+05    2.75716E-02
       95.08311    1.95912E+05    2.75157E-02
       95.62335    1.95534E+05    2.74819E-02
       96.16360    1.95461E+05    2.74911E-02
       96.70384    1.95627E+05    2.75337E-02
       97.24409    1.95789E+05    2.75759E-02
       97.78433    1.95699E+05    2.75826E-02
       98.32458    1.95289E+05    2.75443E-02
       98.86482    1.94703E+05    2.74810E-02
       99.40507    1.94251E+05    2.74366E-02
       99.94531    1.94200E+05    2.74487E-02
      100.48556    1.94535E+05    2.75155E-02
      101.02580    1.94965E+05    2.75959E-02
      101.56605    1.95115E+05    2.76367E-02
      102.10629    1.94836E+05    2.76167E-02
      102.64654    1.94289E+05    2.75588E-02
      103.18678    1.93764E+05    2.75038E-02
      103.72703    1.93534E+05    2.74906E-02
      104.26727    1.93650E+05    2.75267E-02
      104.80752    1.93845E+05    2.75739E-02
      105.34776    1.93866E+05    2.75966E-02
      105.88801    1.93661E+05    2.75871E-02
      106.42825    1.93316E+05    2.75575E-02
      106.96850    1.92959E+05    2.75263E-02
      107.50874    1.92709E+05    2.75102E-02
      108.04899    1.92623E+05    2.75176E-02
      108.58923    1.92682E+05    2.75457E-02
      109.12948    1.92771E+05    2.75781E-02
      109.66972    1.92708E+05    2.75889E-02
      110.20997    1.92440E+05    2.75703E-02
      110.75021    1.92155E+05    2.75491E-02
      111.29046    1.92023E+05    2.75499E-02
      111.83070    1.91944E+05    2.75584E-02
      112.37095    1.91836E+05    2.75627E-02
      112.91119    1.91748E+05    2.75698E-02
      113.45144    1.91705E+05    2.75835E-02
      113.99168    1.91608E+05    2.75894E-02
      114.53192    1.91364E+05    2.75740E-02
      115.07217    1.90952E+05    2.75345E-02
      115.61241    1.90526E+05    2.74930E-02
      116.15266    1.90292E+05    2.74790E-02
      116.69290    1.90323E+05    2.75033E-02
      117.23315    1.90498E+05    2.75486E-02
      117.77339    1.90584E+05    2.75809E-02
      118.31364    1.90427E+05    2.75782E-02
      118.85388    1.90065E+05    2.75456E-02
      119.39413    1.89653E+05    2.75059E-02
      119.93437    1.89372E+05    2.74851E-02
      120.47462    1.89320E+05    2.74975E-02
      121.01486    1.89429E+05    2.75333E-02
      121.55511    1.89554E+05    2.75714E-02
      122.09535    1.89543E+05    2.75899E-02
      122.63560    1.89337E+05    2.75801E-02
      123.17584    1.89011E+05    2.75526E-02
      123.71609    1.88690E+05    2.75258E-02
      124.25633    1.88498E+05    2.75180E-02
      124.79658    1.88499E+05    2.75382E-02
      125.33682    1.88602E+05    2.75734E-02
      125.87707    1.88684E+05    2.76056E-02
      126.41731    1.88667E+05    2.76233E-02
      126.95756    1.88463E+05    2.76136E-02
      127.49780    1.88033E+05    2.75708E-02
      128.03805    1.87526E+05    2.75167E-02
      128.57829    1.87166E+05    2.74840E-02
      129.11854    1.87098E+05    2.74942E-02
      129.65878    1.87239E+05    2.75352E-02
      130.19903    1.87382E+05    2.75765E-02
      130.73927    1.87356E+05    2.75929E-02
      131.27952    1.87129E+05    2.75798E-02
      131.81976    1.86858E+05    2.75602E-02
      132.36001    1.86739E+05    2.75629E-02
      132.90025    1.86789E+05    2.75907E-02
      133.44050    1.86810E+05    2.76142E-02
      133.98074    1.86645E+05    2.76103E-02
      134.52099    1.86333E+05    2.75845E-02
      135.06123    1.86000E+05    2.75556E-02
      135.60148    1.85745E+05    2.75382E-02
      136.14172    1.85616E+05    2.75395E-02
      136.68197    1.85609E+05    2.75589E-02
      137.22221    1.85599E+05    2.75779E-02
      137.76246    1.85483E+05    2.75811E-02
      138.30270    1.85261E+05    2.75687E-02
      138.84295    1.85027E+05    2.75542E-02
      139.38319    1.84845E+05    2.75477E-02
      139.92344    1.84735E+05    2.75519E-02
      140.46368    1.84678E+05    2.75639E-02
      141.00393    1.84613E+05    2.75748E-02
      141.54417    1.84500E+05    2.75785E-02
      142.08442    1.84363E+05    2.75787E-02
      142.62466    1.84240E+05    2.75809E-02
      143.16491    1.84092E+05    2.75794E-02
      143.70515    1.83904E+05    2.75718E-02
      144.24540    1.83725E+05    2.75657E-02
      144.78564    1.83557E+05    2.75611E-02
      145.32589    1.83375E+05    2.75545E-02
      145.86613    1.83240E+05    2.75550E-02
      146.40638    1.83233E+05    2.75746E-02
      146.94662    1.83300E+05    2.76054E-02
      147.48687    1.83281E+05    2.76234E-02
      148.02711    1.83083E+05    2.76143E-02
      148.56736    1.82768E+05    2.75876E-02
      149.10760    1.82503E+05    2.75684E-02
      149.64785    1.82379E+05    2.75705E-02
      150.18809    1.82295E+05    2.75787E-02
      150.72834    1.82211E+05    2.75869E-02
      151.26858    1.82092E+05    2.75897E-02
      151.80883    1.81864E+05    2.75761E-02
      152.34907    1.81602E+05    2.75572E-02
      152.88931    1.81436E+05    2.75529E-02
      153.42956    1.81424E+05    2.75721E-02
      153.96980    1.81516E+05    2.76070E-02
      154.51005    1.81566E+05    2.76356E-02
      155.05029    1.81476E+05    2.76430E-02
      155.59054    1.81226E+05    2.76258E-02
      156.13078    1.80902E+05    2.75976E-02
      156.67103    1.80644E+05    2.75792E-02
      157.21127    1.80530E+05    2.75829E-02
      157.75152    1.80500E+05    2.75994E-02
      158.29176    1.80451E+05    2.76130E-02
      158.83201    1.80322E+05    2.76143E-02
      159.37225    1.80140E+05    2.76077E-02
      159.91250    1.79918E+05    2.75948E-02
      160.45274    1.79693E+05    2.75815E-02
      160.99299    1.79513E+05    2.75750E-02
      161.53323    1.79457E+05    2.75876E-02
      162.07348    1.79492E+05    2.76142E-02
      162.61372    1.79425E+05    2.76250E-02
      163.15397    1.79170E+05    2.76071E-02
      163.69421    1.78821E+05    2.75745E-02
      164.23446    1.78590E+05    2.75602E-02
      164.77470    1.78599E+05    2.75828E-02
      165.31495    1.78712E+05    2.76216E-02
      165.85519    1.78690E+05    2.76396E-02
      166.39544    1.78420E+05    2.76192E-02
      166.93568    1.78057E+05    2.75844E-02
      167.47593    1.77832E+05    2.75708E-02
      168.01617    1.77795E+05    2.75864E-02
      168.55642    1.77821E+05    2.76120E-02
      169.09666    1.77776E+05    2.76265E-02
      169.63691    1.77591E+05    2.76191E-02
      170.17715    1.77334E+05    2.76006E-02
      170.71740    1.77108E+05    2.75869E-02
      171.25764    1.76968E+05    2.75866E-02
      171.79789    1.76861E+05    2.75914E-02
      172.33813    1.76705E+05    2.75886E-02
      172.87838    1.76495E+05    2.75773E-02
      173.41862    1.76306E+05    2.75693E-02
      173.95887    1.76178E+05    2.75710E-02
      174.49911    1.76128E+05    2.75847E-02
      175.03936    1.76108E+05    2.76032E-02
      175.57960    1.75977E+05    2.76042E-02
      176.11985    1.75737E+05    2.75882E-02
      176.66009    1.75520E+05    2.75758E-02
      177.20034    1.75401E+05    2.75788E-02
      177.74058    1.75306E+05    2.75856E-02
      178.28083    1.75197E+05    2.75900E-02
      178.82107    1.75096E+05    2.75959E-02
      179.36132    1.74980E+05    2.75993E-02
      179.90156    1.74818E+05    2.75955E-02
      180.44181    1.74650E+05    2.75908E-02
      180.98205    1.74508E+05    2.75901E-02
      181.52230    1.74462E+05    2.76048E-02
      182.06254    1.74471E+05    2.76280E-02
      182.60279    1.74418E+05    2.76416E-02
      183.14303    1.74270E+05    2.76400E-02
      183.68328    1.74038E+05    2.76251E-02
      184.22352    1.73737E+05    2.75992E-02
      184.76377    1.73485E+05    2.75811E-02
      185.30401    1.73370E+05    2.75847E-02
      185.84426    1.73361E+05    2.76052E-02
      186.38450    1.73366E+05    2.76280E-02
      186.92475    1.73329E+05    2.76441E-02
      187.46499    1.73211E+05    2.76474E-02
      188.00524    1.72998E+05    2.76354E-02
      188.54548    1.72747E+05    2.76174E-02
      189.08573    1.72493E+05    2.75989E-02
      189.62597    1.72332E+05    2.75951E-02
      190.16622    1.72330E+05    2.76169E-02
      190.70646    1.72333E+05    2.76397E-02
      191.24670    1.72167E+05    2.76351E-02
      191.78695    1.71860E+05    2.76081E-02
      192.32719    1.71573E+05    2.75841E-02
      192.86744    1.71367E+05    2.75732E-02
      193.40768    1.71231E+05    2.75734E-02
      193.94793    1.71129E+05    2.75793E-02
      194.48817    1.71106E+05    2.75978E-02
      195.02842    1.71185E+05    2.76327E-02
      195.56866    1.71271E+05    2.76690E-02
      196.10891    1.71237E+05    2.76859E-02
      196.64915    1.70995E+05    2.76691E-02
      197.18940    1.70571E+05    2.76229E-02
      197.72964    1.70127E+05    2.75732E-02
      198.26989    1.69820E+05    2.75458E-02
      198.81013    1.69725E+05    2.75528E-02
      199.35038    1.69853E+05    2.75959E-02
      199.89062    1.70090E+05    2.76568E-02
      200.43087    1.70201E+05    2.76975E-02
      200.97111    1.70005E+05    2.76881E-02
      201.51136    1.69491E+05    2.76269E-02
      202.05160    1.68923E+05    2.75567E-02
      202.59185    1.68625E+05    2.75306E-02
      203.13209    1.68710E+05    2.75671E-02
      203.67234    1.69056E+05    2.76461E-02
      204.21258    1.69374E+05    2.77208E-02
      204.75283    1.69397E+05    2.77473E-02
      205.29307    1.69044E+05    2.77122E-02
      205.83332    1.68437E+05    2.76352E-02
      206.37356    1.67830E+05    2.75583E-02
      206.91381    1.67428E+05    2.75149E-02
      207.45405    1.67314E+05    2.75187E-02
      207.99430    1.67434E+05    2.75612E-02
      208.53454    1.67641E+05    2.76179E-02
      209.07479    1.67785E+05    2.76645E-02
      209.61503    1.67806E+05    2.76907E-02
      210.15528    1.67689E+05    2.76943E-02
      210.69552    1.67449E+05    2.76775E-02
      211.23577    1.67118E+05    2.76457E-02
      211.77601    1.66748E+05    2.76073E-02
      212.31626    1.66504E+05    2.75897E-02
      212.85650    1.66445E+05    2.76028E-02
      213.39675    1.66465E+05    2.76290E-02
      213.93699    1.66445E+05    2.76487E-02
      214.47724    1.66354E+05    2.76565E-02
      215.01748    1.66216E+05    2.76566E-02
      215.55773    1.66011E+05    2.76455E-02
      216.09797    1.65776E+05    2.76294E-02
      216.63822    1.65610E+05    2.76247E-02
      217.17846    1.65488E+05    2.76274E-02
      217.71871    1.65363E+05    2.76295E-02
      218.25895    1.65221E+05    2.76289E-02
      218.79920    1.65073E+05    2.76272E-02
      219.33944    1.64995E+05    2.76373E-02
      219.87969    1.65017E+05    2.76642E-02
      220.41993    1.65027E+05    2.76891E-02
      220.96018    1.64897E+05    2.76905E-02
      221.50042    1.64627E+05    2.76684E-02
      222.04067    1.64309E+05    2.76382E-02
      222.58091    1.63994E+05    2.76085E-02
      223.12116    1.63787E+05    2.75968E-02
      223.66140    1.63759E+05    2.76153E-02
      224.20165    1.63846E+05    2.76533E-02
      224.74189    1.63878E+05    2.76820E-02
      225.28214    1.63715E+05    2.76780E-02
      225.82238    1.63388E+05    2.76460E-02
      226.36263    1.63068E+05    2.76153E-02
      226.90287    1.62929E+05    2.76150E-02
      227.44312    1.63008E+05    2.76518E-02
      227.98336    1.63124E+05    2.76951E-02
      228.52360    1.63037E+05    2.77038E-02
      229.06385    1.62721E+05    2.76737E-02
      229.60409    1.62360E+05    2.76357E-02
      230.14434    1.62140E+05    2.76218E-02
      230.68458    1.62076E+05    2.76344E-02
      231.22483    1.62065E+05    2.76561E-02
      231.76507    1.62006E+05    2.76697E-02
      232.30532    1.61863E+05    2.76689E-02
      232.84556    1.61656E+05    2.76571E-02
      233.38581    1.61420E+05    2.76405E-02
      233.92605    1.61208E+05    2.76278E-02
      234.46630    1.61064E+05    2.76268E-02
      235.00654    1.60954E+05    2.76315E-02
      235.54679    1.60819E+05    2.76321E-02
      236.08703    1.60741E+05    2.76424E-02
      236.62728    1.60728E+05    2.76640E-02
      237.16752    1.60702E+05    2.76834E-02
      237.70777    1.60573E+05    2.76850E-02
      238.24801    1.60240E+05    2.76515E-02
      238.78826    1.59769E+05    2.75940E-02
      239.32850    1.59408E+05    2.75553E-02
      239.86875    1.59381E+05    2.75746E-02
      240.40899    1.59704E+05    2.76544E-02
      240.94924    1.60139E+05    2.77538E-02
      241.48948    1.60358E+05    2.78159E-02
      242.02973    1.60139E+05    2.78019E-02
      242.56997    1.59531E+05    2.77204E-02
      243.11022    1.58745E+05    2.76078E-02
      243.65046    1.58152E+05    2.75286E-02
      244.19071    1.58048E+05    2.75346E-02
      244.73095    1.58344E+05    2.76101E-02
      245.27120    1.58684E+05    2.76935E-02
      245.81144    1.58791E+05    2.77363E-02
      246.35169    1.58573E+05    2.77226E-02
      246.89193    1.58109E+05    2.76656E-02
      247.43218    1.57598E+05    2.76004E-02
      247.97242    1.57249E+05    2.75633E-02
      248.51267    1.57194E+05    2.75778E-02
      249.05291    1.57404E+05    2.76390E-02
      249.59316    1.57661E+05    2.77085E-02
      250.13340    1.57743E+05    2.77472E-02
      250.67365    1.57536E+05    2.77352E-02
      251.21389    1.57111E+05    2.76848E-02
      251.75414    1.56671E+05    2.76316E-02
      252.29438    1.56364E+05    2.76018E-02
      252.83463    1.56239E+05    2.76040E-02
      253.37487    1.56234E+05    2.76275E-02
      253.91512    1.56221E+05    2.76497E-02
      254.45536    1.56126E+05    2.76575E-02
      254.99561    1.55962E+05    2.76529E-02
      255.53585    1.55758E+05    2.76412E-02
      256.07610    1.55552E+05    2.76291E-02
      256.61634    1.55445E+05    2.76347E-02
      257.15659    1.55491E+05    2.76675E-02
      257.69683    1.55578E+05    2.77075E-02
      258.23708    1.55526E+05    2.77230E-02
      258.77732    1.55281E+05    2.77039E-02
      259.31757    1.54931E+05    2.76663E-02
      259.85781    1.54617E+05    2.76348E-02
      260.39806    1.54415E+05    2.76234E-02
      260.93830    1.54349E+05    2.76363E-02
      261.47855    1.54359E+05    2.76629E-02
      262.01879    1.54352E+05    2.76865E-02
      262.55904    1.54233E+05    2.76900E-02
      263.09928    1.54030E+05    2.76784E-02
      263.63953    1.53872E+05    2.76749E-02
      264.17977    1.53737E+05    2.76754E-02
      264.72002    1.53529E+05    2.76628E-02
      265.26026    1.53217E+05    2.76316E-02
      265.80051    1.52958E+05    2.76097E-02
      266.34075    1.52913E+05    2.76266E-02
      266.88099    1.53073E+05    2.76804E-02
      267.42124    1.53272E+05    2.77415E-02
      267.96148    1.53300E+05    2.77717E-02
      268.50173    1.53032E+05    2.77484E-02
      269.04197    1.52485E+05    2.76743E-02
      269.58222    1.51888E+05    2.75908E-02
      270.12246    1.51564E+05    2.75570E-02
      270.66271    1.51612E+05    2.75910E-02
      271.20295    1.51906E+05    2.76695E-02
      271.74320    1.52166E+05    2.77423E-02
      272.28344    1.52170E+05    2.77683E-02
      272.82369    1.51884E+05    2.77413E-02
      273.36393    1.51435E+05    2.76847E-02
      273.90418    1.51001E+05    2.76305E-02
      274.44442    1.50735E+05    2.76072E-02
      274.98467    1.50695E+05    2.76251E-02
      275.52491    1.50837E+05    2.76765E-02
      276.06516    1.51057E+05    2.77423E-02
      276.60540    1.51151E+05    2.77851E-02
      277.14565    1.50986E+05    2.77803E-02
      277.68589    1.50562E+05    2.77278E-02
      278.22614    1.50073E+05    2.76631E-02
      278.76638    1.49775E+05    2.76338E-02
      279.30663    1.49738E+05    2.76524E-02
      279.84687    1.49813E+05    2.76919E-02
      280.38712    1.49833E+05    2.77212E-02
      280.92736    1.49731E+05    2.77279E-02
      281.46761    1.49500E+05    2.77109E-02
      282.00785    1.49248E+05    2.76899E-02
      282.54810    1.49103E+05    2.76886E-02
      283.08834    1.49054E+05    2.77052E-02
      283.62859    1.49027E+05    2.77260E-02
      284.16883    1.48937E+05    2.77350E-02
      284.70908    1.48757E+05    2.77274E-02
      285.24932    1.48546E+05    2.77138E-02
      285.78957    1.48347E+05    2.77025E-02
      286.32981    1.48147E+05    2.76911E-02
      286.87006    1.47985E+05    2.76867E-02
      287.41030    1.47873E+05    2.76916E-02
      287.95055    1.47824E+05    2.77083E-02
      288.49079    1.47807E+05    2.77311E-02
      289.03104    1.47720E+05    2.77408E-02
      289.57128    1.47477E+05    2.77212E-02
      290.11153    1.47142E+05    2.76842E-02
      290.65177    1.46863E+05    2.76578E-02
      291.19202    1.46677E+05    2.76489E-02
      291.73226    1.46561E+05    2.76531E-02
      292.27251    1.46549E+05    2.76768E-02
      292.81275    1.46579E+05    2.77087E-02
      293.35300    1.46552E+05    2.77297E-02
      293.89324    1.46478E+05    2.77421E-02
      294.43349    1.46397E+05    2.77530E-02
      294.97373    1.46215E+05    2.77447E-02
      295.51398    1.45867E+05    2.77051E-02
      296.05422    1.45470E+05    2.76558E-02
      296.59447    1.45200E+05    2.76309E-02
      297.13471    1.45143E+05    2.76463E-02
      297.67496    1.45217E+05    2.76868E-02
      298.21520    1.45268E+05    2.77230E-02
      298.75545    1.45186E+05    2.77337E-02
      299.29569    1.44960E+05    2.77170E-02
      299.83594    1.44655E+05    2.76851E-02
      300.37618    1.44352E+05    2.76536E-02
      300.91643    1.44186E+05    2.76483E-02
      301.45667    1.44211E+05    2.76797E-02
      301.99692    1.44321E+05    2.77273E-02
      302.53716    1.44363E+05    2.77621E-02
      303.07741    1.44245E+05    2.77662E-02
      303.61765    1.43954E+05    2.77368E-02
      304.15790    1.43572E+05    2.76898E-02
      304.69814    1.43244E+05    2.76532E-02
      305.23838    1.43081E+05    2.76485E-02
      305.77863    1.43073E+05    2.76738E-02
      306.31887    1.43104E+05    2.77065E-02
      306.85912    1.43032E+05    2.77194E-02
      307.39936    1.42828E+05    2.77066E-02
      307.93961    1.42594E+05    2.76881E-02
      308.47985    1.42424E+05    2.76821E-02
      309.02010    1.42326E+05    2.76899E-02
      309.56034    1.42233E+05    2.76987E-02
      310.10059    1.42112E+05    2.77022E-02
      310.64083    1.41939E+05    2.76955E-02
      311.18108    1.41759E+05    2.76873E-02
      311.72132    1.41670E+05    2.76969E-02
      312.26157    1.41669E+05    2.77239E-02
      312.80181    1.41685E+05    2.77542E-02
      313.34206    1.41583E+05    2.77614E-02
      313.88230    1.41278E+05    2.77287E-02
      314.42255    1.40865E+05    2.76749E-02
      314.96279    1.40526E+05    2.76354E-02
      315.50304    1.40395E+05    2.76368E-02
      316.04328    1.40491E+05    2.76830E-02
      316.58353    1.40665E+05    2.77445E-02
      317.12377    1.40704E+05    2.77797E-02
      317.66402    1.40487E+05    2.77643E-02
      318.20426    1.40144E+05    2.77238E-02
      318.74451    1.39834E+05    2.76899E-02
      319.28475    1.39567E+05    2.76645E-02
      319.82500    1.39340E+05    2.76469E-02
      320.36524    1.39201E+05    2.76467E-02
      320.90549    1.39161E+05    2.76663E-02
      321.44573    1.39195E+05    2.77005E-02
      321.98598    1.39215E+05    2.77321E-02
      322.52622    1.39126E+05    2.77420E-02
      323.06647    1.38834E+05    2.77115E-02
      323.60671    1.38415E+05    2.76553E-02
      324.14696    1.38084E+05    2.76167E-02
      324.68720    1.37982E+05    2.76240E-02
      325.22745    1.38083E+05    2.76720E-02
      325.76769    1.38201E+05    2.77234E-02
      326.30794    1.38193E+05    2.77495E-02
      326.84818    1.38042E+05    2.77471E-02
      327.38843    1.37789E+05    2.77242E-02
      327.92867    1.37488E+05    2.76915E-02
      328.46892    1.37233E+05    2.76679E-02
      329.00916    1.37064E+05    2.76618E-02
      329.54941    1.37010E+05    2.76787E-02
      330.08965    1.37031E+05    2.77111E-02
      330.62990    1.37020E+05    2.77369E-02
      331.17014    1.36869E+05    2.77343E-02
      331.71039    1.36548E+05    2.76974E-02
      332.25063    1.36152E+05    2.76452E-02
      332.79088    1.35853E+05    2.76124E-02
      333.33112    1.35781E+05    2.76258E-02
      333.87137    1.35940E+05    2.76863E-02
      334.41161    1.36165E+05    2.77604E-02
      334.95186    1.36240E+05    2.78041E-02
      335.49210    1.36116E+05    2.78073E-02
      336.03235    1.35890E+05    2.77893E-02
      336.57259    1.35581E+05    2.77545E-02
      337.11284    1.35194E+05    2.77038E-02
      337.65308    1.34796E+05    2.76505E-02
      338.19333    1.34532E+05    2.76247E-02
      338.73357    1.34466E+05    2.76395E-02
      339.27382    1.34501E+05    2.76750E-02
      339.81406    1.34573E+05    2.77183E-02
      340.35431    1.34629E+05    2.77586E-02
      340.89455    1.34586E+05    2.77783E-02
      341.43480    1.34389E+05    2.77662E-02
      341.97504    1.34086E+05    2.77325E-02
      342.51528    1.33828E+05    2.77078E-02
      343.05553    1.33649E+05    2.76994E-02
      343.59577    1.33499E+05    2.76968E-02
      344.13602    1.33302E+05    2.76847E-02
      344.67626    1.33078E+05    2.76670E-02
      345.21651    1.32935E+05    2.76661E-02
      345.75675    1.32901E+05    2.76876E-02
      346.29700    1.32889E+05    2.77141E-02
      346.83724    1.32837E+05    2.77322E-02
      347.37749    1.32713E+05    2.77353E-02
      347.91773    1.32546E+05    2.77293E-02
      348.45798    1.32364E+05    2.77202E-02
      348.99822    1.32203E+05    2.77155E-02
      349.53847    1.32054E+05    2.77133E-02
      350.07871    1.31882E+05    2.77063E-02
      350.61896    1.31673E+05    2.76914E-02
      351.15920    1.31477E+05    2.76793E-02
      351.69945    1.31328E+05    2.76771E-02
      352.23969    1.31241E+05    2.76879E-02
      352.77994    1.31206E+05    2.77098E-02
      353.32018    1.31196E+05    2.77370E-02
      353.86043    1.31148E+05    2.77562E-02
      354.40067    1.30995E+05    2.77531E-02
      354.94092    1.30728E+05    2.77260E-02
      355.48116    1.30485E+05    2.77038E-02
      356.02141    1.30375E+05    2.77100E-02
      356.56165    1.30369E+05    2.77380E-02
      357.10190    1.30332E+05    2.77598E-02
      357.64214    1.30180E+05    2.77569E-02
      358.18239    1.29928E+05    2.77327E-02
      358.72263    1.29678E+05    2.77089E-02
      359.26288    1.29531E+05    2.77071E-02
      359.80312    1.29472E+05    2.77242E-02
      360.34337    1.29425E+05    2.77439E-02
      360.88361    1.29364E+05    2.77606E-02
      361.42386    1.29240E+05    2.77637E-02
      361.96410    1.29052E+05    2.77531E-02
      362.50435    1.28809E+05    2.77306E-02
      363.04459    1.28555E+05    2.77059E-02
      363.58484    1.28361E+05    2.76938E-02
      364.12508    1.28223E+05    2.76940E-02
      364.66533    1.28093E+05    2.76959E-02
      365.20557    1.28008E+05    2.77074E-02
      365.74582    1.27967E+05    2.77286E-02
      366.28606    1.27909E+05    2.77461E-02
      366.82631    1.27783E+05    2.77487E-02
      367.36655    1.27613E+05    2.77420E-02
      367.90680    1.27474E+05    2.77420E-02
      368.44704    1.27357E+05    2.77466E-02
      368.98729    1.27226E+05    2.77484E-02
      369.52753    1.27093E+05    2.77495E-02
      370.06778    1.26958E+05    2.77504E-02
      370.60802    1.26824E+05    2.77515E-02
      371.14827    1.26726E+05    2.77603E-02
      371.68851    1.26644E+05    2.77728E-02
      372.22876    1.26468E+05    2.77646E-02
      372.76900    1.26169E+05    2.77294E-02
      373.30925    1.25868E+05    2.76937E-02
      373.84949    1.25745E+05    2.76972E-02
      374.38974    1.25837E+05    2.77479E-02
      374.92998    1.25974E+05    2.78088E-02
      375.47023    1.25881E+05    2.78189E-02
      376.01047    1.25453E+05    2.77550E-02
      376.55072    1.24910E+05    2.76655E-02
      377.09096    1.24568E+05    2.76205E-02
      377.63121    1.24598E+05    2.76576E-02
      378.17145    1.24889E+05    2.77531E-02
      378.71170    1.25151E+05    2.78423E-02
      379.25194    1.25120E+05    2.78663E-02
      379.79219    1.24719E+05    2.78080E-02
      380.33243    1.24162E+05    2.77148E-02
      380.87267    1.23828E+05    2.76710E-02
      381.41292    1.23850E+05    2.77069E-02
      381.95316    1.24029E+05    2.77781E-02
      382.49341    1.24065E+05    2.78172E-02
      383.03365    1.23814E+05    2.77922E-02
      383.57390    1.23407E+05    2.77320E-02
      384.11414    1.23037E+05    2.76798E-02
      384.65439    1.22827E+05    2.76637E-02
      385.19463    1.22846E+05    2.76991E-02
      385.73488    1.23007E+05    2.77669E-02
      386.27512    1.23111E+05    2.78217E-02
      386.81537    1.23019E+05    2.78324E-02
      387.35561    1.22685E+05    2.77883E-02
      387.89586    1.22233E+05    2.77173E-02
      388.43610    1.21904E+05    2.76740E-02
      388.97635    1.21812E+05    2.76846E-02
      389.51659    1.21869E+05    2.77290E-02
      390.05684    1.21897E+05    2.77669E-02
      390.59708    1.21795E+05    2.77755E-02
      391.13733    1.21570E+05    2.77558E-02
      391.67757    1.21324E+05    2.77313E-02
      392.21782    1.21134E+05    2.77195E-02
      392.75806    1.21055E+05    2.77331E-02
      393.29831    1.21069E+05    2.77682E-02
      393.83855    1.21065E+05    2.77990E-02
      394.37880    1.20933E+05    2.78006E-02
      394.91904    1.20696E+05    2.77780E-02
      395.45929    1.20480E+05    2.77603E-02
      395.99953    1.20326E+05    2.77568E-02
      396.53978    1.20190E+05    2.77575E-02
      397.08002    1.20002E+05    2.77460E-02
      397.62027    1.19785E+05    2.77280E-02
      398.16051    1.19635E+05    2.77253E-02
      398.70076    1.19567E+05    2.77419E-02
      399.24100    1.19557E+05    2.77716E-02
      399.78125    1.19525E+05    2.77965E-02
      400.32149    1.19370E+05    2.77929E-02
      400.86174    1.19136E+05    2.77707E-02
      401.40198    1.18949E+05    2.77595E-02
      401.94223    1.18864E+05    2.77721E-02
      402.48247    1.18806E+05    2.77908E-02
      403.02272    1.18636E+05    2.77837E-02
      403.56296    1.18297E+05    2.77366E-02
      404.10321    1.17909E+05    2.76781E-02
      404.64345    1.17668E+05    2.76540E-02
      405.18370    1.17655E+05    2.76836E-02
      405.72394    1.17762E+05    2.77414E-02
      406.26419    1.17768E+05    2.77755E-02
      406.80443    1.17557E+05    2.77584E-02
      407.34468    1.17227E+05    2.77133E-02
      407.88492    1.16978E+05    2.76871E-02
      408.42517    1.16924E+05    2.77071E-02
      408.96541    1.17001E+05    2.77582E-02
      409.50566    1.17059E+05    2.78049E-02
      410.04590    1.16956E+05    2.78136E-02
      410.58615    1.16699E+05    2.77855E-02
      411.12639    1.16407E+05    2.77490E-02
      411.66664    1.16160E+05    2.77232E-02
      412.20688    1.15974E+05    2.77118E-02
      412.74713    1.15869E+05    2.77199E-02
      413.28737    1.15807E+05    2.77382E-02
      413.82762    1.15701E+05    2.77461E-02
      414.36786    1.15518E+05    2.77355E-02
      414.90811    1.15282E+05    2.77120E-02
      415.44835    1.15063E+05    2.76926E-02
      415.98860    1.14942E+05    2.76968E-02
      416.52884    1.14962E+05    2.77351E-02
      417.06909    1.15056E+05    2.77912E-02
      417.60933    1.15097E+05    2.78348E-02
      418.14958    1.14987E+05    2.78420E-02
      418.68982    1.14667E+05    2.77980E-02
      419.23006    1.14240E+05    2.77282E-02
      419.77031    1.13918E+05    2.76837E-02
      420.31055    1.13875E+05    2.77069E-02
      420.85080    1.14085E+05    2.77917E-02
      421.39104    1.14301E+05    2.78784E-02
      421.93129    1.14268E+05    2.79044E-02
      422.47153    1.13919E+05    2.78531E-02
      423.01178    1.13374E+05    2.77536E-02
      423.55202    1.12843E+05    2.76576E-02
      424.09227    1.12527E+05    2.76139E-02
      424.63251    1.12573E+05    2.76591E-02
      425.17276    1.12920E+05    2.77785E-02
      425.71300    1.13238E+05    2.78912E-02
      426.25325    1.13214E+05    2.79197E-02
      426.79349    1.12829E+05    2.78591E-02
      427.33374    1.12309E+05    2.77650E-02
      427.87398    1.11903E+05    2.76988E-02
      428.41423    1.11709E+05    2.76850E-02
      428.95447    1.11687E+05    2.77140E-02
      429.49472    1.11705E+05    2.77527E-02
      430.03496    1.11663E+05    2.77768E-02
      430.57521    1.11530E+05    2.77784E-02
      431.11545    1.11295E+05    2.77543E-02
      431.65570    1.11026E+05    2.77220E-02
      432.19594    1.10844E+05    2.77110E-02
      432.73619    1.10806E+05    2.77362E-02
      433.27643    1.10809E+05    2.77717E-02
      433.81668    1.10669E+05    2.77714E-02
      434.35692    1.10395E+05    2.77375E-02
      434.89717    1.10174E+05    2.77168E-02
      435.43741    1.10102E+05    2.77334E-02
      435.97766    1.10122E+05    2.77735E-02
      436.51790    1.10068E+05    2.77951E-02
      437.05815    1.09833E+05    2.77708E-02
      437.59839    1.09478E+05    2.77160E-02
      438.13864    1.09175E+05    2.76742E-02
      438.67888    1.09082E+05    2.76857E-02
      439.21913    1.09188E+05    2.77478E-02
      439.75937    1.09286E+05    2.78081E-02
      440.29962    1.09205E+05    2.78230E-02
      440.83986    1.08941E+05    2.77912E-02
      441.38011    1.08610E+05    2.77421E-02
      441.92035    1.08381E+05    2.77190E-02
      442.46060    1.08311E+05    2.77364E-02
      443.00084    1.08335E+05    2.77782E-02
      443.54109    1.08296E+05    2.78039E-02
      444.08133    1.08113E+05    2.77926E-02
      444.62158    1.07810E+05    2.77503E-02
      445.16182    1.07522E+05    2.77119E-02
      445.70207    1.07364E+05    2.77068E-02
      446.24231    1.07367E+05    2.77433E-02
      446.78256    1.07440E+05    2.77981E-02
      447.32280    1.07453E+05    2.78376E-02
      447.86305    1.07353E+05    2.78477E-02
      448.40329    1.07096E+05    2.78171E-02
      448.94354    1.06744E+05    2.77617E-02
      449.48378    1.06391E+05    2.77060E-02
      450.02403    1.06149E+05    2.76790E-02
      450.56427    1.06075E+05    2.76957E-02
      451.10452    1.06140E+05    2.77491E-02
      451.64476    1.06230E+05    2.78090E-02
      452.18501    1.06232E+05    2.78458E-02
      452.72525    1.06092E+05    2.78456E-02
      453.26550    1.05864E+05    2.78222E-02
      453.80574    1.05595E+05    2.77880E-02
      454.34599    1.05292E+05    2.77448E-02
      454.88623    1.05020E+05    2.77098E-02
      455.42648    1.04840E+05    2.76988E-02
      455.96672    1.04789E+05    2.77219E-02
      456.50697    1.04826E+05    2.77684E-02
      457.04721    1.04859E+05    2.78142E-02
      457.58745    1.04792E+05    2.78331E-02
      458.12770    1.04558E+05    2.78081E-02
      458.66794    1.04177E+05    2.77435E-02
      459.20819    1.03795E+05    2.76786E-02
      459.74843    1.03610E+05    2.76663E-02
      460.28868    1.03644E+05    2.77123E-02
      460.82892    1.03716E+05    2.77686E-02
      461.36917    1.03738E+05    2.78118E-02
      461.90941    1.03676E+05    2.78325E-02
      462.44966    1.03498E+05    2.78222E-02
      462.98990    1.03214E+05    2.77831E-02
      463.53015    1.02902E+05    2.77363E-02
      464.07039    1.02671E+05    2.77115E-02
      464.61064    1.02571E+05    2.77219E-02
      465.15088    1.02540E+05    2.77510E-02
      465.69113    1.02495E+05    2.77764E-02
      466.23137    1.02371E+05    2.77804E-02
      466.77162    1.02191E+05    2.77692E-02
      467.31186    1.02040E+05    2.77661E-02
      467.85211    1.01952E+05    2.77798E-02
      468.39235    1.01862E+05    2.77931E-02
      468.93260    1.01714E+05    2.77908E-02
      469.47284    1.01521E+05    2.77760E-02
      470.01309    1.01304E+05    2.77546E-02
      470.55333    1.01118E+05    2.77415E-02
      471.09358    1.01014E+05    2.77512E-02
      471.63382    1.00994E+05    2.77838E-02
      472.17407    1.01015E+05    2.78279E-02
      472.71431    1.00986E+05    2.78583E-02
      473.25456    1.00831E+05    2.78539E-02
      473.79480    1.00505E+05    2.78023E-02
      474.33505    1.00097E+05    2.77277E-02
      474.87529    9.97882E+04    2.76805E-02
      475.41554    9.97320E+04    2.77033E-02
      475.95578    9.98847E+04    2.77843E-02
      476.49603    1.00095E+05    2.78817E-02
      477.03627    1.00151E+05    2.79361E-02
      477.57652    9.98869E+04    2.79014E-02
      478.11676    9.93704E+04    2.77959E-02
      478.65701    9.88734E+04    2.76956E-02
      479.19725    9.86892E+04    2.76828E-02
      479.73750    9.87840E+04    2.77483E-02
      480.27774    9.88776E+04    2.78137E-02
      480.81799    9.87971E+04    2.78302E-02
      481.35823    9.85621E+04    2.78031E-02
      481.89848    9.82875E+04    2.77648E-02
      482.43872    9.80762E+04    2.77443E-02
      482.97897    9.79859E+04    2.77580E-02
      483.51921    9.79883E+04    2.77981E-02
      484.05946    9.79828E+04    2.78360E-02
      484.59970    9.78828E+04    2.78472E-02
      485.13995    9.77039E+04    2.78359E-02
      485.68019    9.74808E+04    2.78119E-02
      486.22044    9.72630E+04    2.77894E-02
      486.76068    9.70696E+04    2.77739E-02
      487.30093    9.68749E+04    2.77579E-02
      487.84117    9.66974E+04    2.77467E-02
      488.38142    9.65725E+04    2.77507E-02
      488.92166    9.65595E+04    2.77869E-02
      489.46191    9.66057E+04    2.78403E-02
      490.00215    9.65685E+04    2.78697E-02
      490.54240    9.64008E+04    2.78615E-02
      491.08264    9.60941E+04    2.78130E-02
      491.62289    9.57341E+04    2.77490E-02
      492.16313    9.54552E+04    2.77083E-02
      492.70338    9.53557E+04    2.77197E-02
      493.24362    9.53694E+04    2.77640E-02
      493.78387    9.54004E+04    2.78135E-02
      494.32411    9.53913E+04    2.78515E-02
      494.86435    9.53062E+04    2.78673E-02
      495.40460    9.50814E+04    2.78423E-02
      495.94484    9.47120E+04    2.77748E-02
      496.48509    9.43209E+04    2.77007E-02
      497.02533    9.41138E+04    2.76805E-02
      497.56558    9.41653E+04    2.77365E-02
      498.10582    9.42968E+04    2.78162E-02
      498.64607    9.42567E+04    2.78454E-02
      499.18631    9.39324E+04    2.77907E-02
      499.72656    9.35191E+04    2.77094E-02
      500.26680    9.33028E+04    2.76863E-02
      500.80705    9.33919E+04    2.77539E-02
      501.34729    9.35903E+04    2.78543E-02
      501.88754    9.36015E+04    2.78991E-02
      502.42778    9.33250E+04    2.78582E-02
      502.96803    9.28929E+04    2.77707E-02
      503.50827    9.25273E+04    2.77028E-02
      504.04852    9.23706E+04    2.76973E-02
      504.58876    9.24283E+04    2.77563E-02
      505.12901    9.25548E+04    2.78360E-02
      505.66925    9.25436E+04    2.78746E-02
      506.20950    9.23118E+04    2.78467E-02
      506.74974    9.20123E+04    2.77983E-02
      507.28999    9.18303E+04    2.77853E-02
      507.83023    9.17779E+04    2.78115E-02
      508.37048    9.17458E+04    2.78439E-02
      508.91072    9.16070E+04    2.78441E-02
      509.45097    9.13427E+04    2.78060E-02
      509.99121    9.10753E+04    2.77669E-02
      510.53146    9.09372E+04    2.77671E-02
      511.07170    9.09301E+04    2.78074E-02
      511.61195    9.09765E+04    2.78642E-02
      512.15219    9.09767E+04    2.79070E-02
      512.69244    9.08244E+04    2.79031E-02
      513.23268    9.05013E+04    2.78465E-02
      513.77293    9.01542E+04    2.77825E-02
      514.31317    8.99244E+04    2.77545E-02
      514.85342    8.98593E+04    2.77772E-02
      515.39366    8.98839E+04    2.78278E-02
      515.93391    8.98703E+04    2.78668E-02
      516.47415    8.96743E+04    2.78492E-02
      517.01440    8.93026E+04    2.77769E-02
      517.55464    8.89678E+04    2.77158E-02
      518.09489    8.88268E+04    2.77151E-02
      518.63513    8.89017E+04    2.77818E-02
      519.17538    8.90629E+04    2.78757E-02
      519.71562    8.91011E+04    2.79314E-02
      520.25587    8.89054E+04    2.79138E-02
      520.79611    8.85046E+04    2.78316E-02
      521.33636    8.80463E+04    2.77311E-02
      521.87660    8.77573E+04    2.76837E-02
      522.41685    8.77737E+04    2.77326E-02
      522.95709    8.79821E+04    2.78425E-02
      523.49734    8.81085E+04    2.79266E-02
      524.03758    8.79970E+04    2.79355E-02
      524.57783    8.76831E+04    2.78802E-02
      525.11807    8.73005E+04    2.78027E-02
      525.65832    8.69756E+04    2.77434E-02
      526.19856    8.67951E+04    2.77301E-02
      526.73881    8.67684E+04    2.77659E-02
      527.27905    8.68353E+04    2.78318E-02
      527.81930    8.69565E+04    2.79154E-02
      528.35954    8.70306E+04    2.79841E-02
      528.89979    8.69441E+04    2.80013E-02
      529.44003    8.66392E+04    2.79481E-02
      529.98028    8.61869E+04    2.78471E-02
      530.52052    8.57970E+04    2.77660E-02
      531.06077    8.55904E+04    2.77440E-02
      531.60101    8.55532E+04    2.77770E-02
      532.14126    8.55660E+04    2.78264E-02
      532.68150    8.55147E+04    2.78550E-02
      533.22174    8.53849E+04    2.78580E-02
      533.76199    8.52191E+04    2.78494E-02
      534.30223    8.50735E+04    2.78473E-02
      534.84248    8.49905E+04    2.78657E-02
      535.38272    8.49219E+04    2.78890E-02
      535.92297    8.47430E+04    2.78760E-02
      536.46321    8.44282E+04    2.78182E-02
      537.00346    8.41178E+04    2.77617E-02
      537.54370    8.39639E+04    2.77567E-02
      538.08395    8.39786E+04    2.78075E-02
      538.62419    8.40467E+04    2.78762E-02
      539.16444    8.40469E+04    2.79225E-02
      539.70468    8.39304E+04    2.79302E-02
      540.24493    8.36991E+04    2.78997E-02
      540.78517    8.34572E+04    2.78655E-02
      541.32542    8.32949E+04    2.78578E-02
      541.86566    8.31852E+04    2.78677E-02
      542.40591    8.30695E+04    2.78757E-02
      542.94615    8.28994E+04    2.78654E-02
      543.48640    8.26589E+04    2.78313E-02
      544.02664    8.23907E+04    2.77878E-02
      544.56689    8.21978E+04    2.77695E-02
      545.10713    8.21859E+04    2.78125E-02
      545.64738    8.22920E+04    2.78956E-02
      546.18762    8.23695E+04    2.79693E-02
      546.72787    8.23145E+04    2.79981E-02
      547.26811    8.20839E+04    2.79672E-02
      547.80836    8.17032E+04    2.78851E-02
      548.34860    8.12559E+04    2.77798E-02
      548.88885    8.08759E+04    2.76972E-02
      549.42909    8.07256E+04    2.76932E-02
      549.96934    8.08677E+04    2.77896E-02
      550.50958    8.11789E+04    2.79446E-02
      551.04983    8.14032E+04    2.80701E-02
      551.59007    8.13124E+04    2.80872E-02
      552.13032    8.08194E+04    2.79652E-02
      552.67056    8.01283E+04    2.77741E-02
      553.21081    7.95812E+04    2.76324E-02
      553.75105    7.94139E+04    2.76222E-02
      554.29130    7.96030E+04    2.77362E-02
      554.83154    7.99059E+04    2.78904E-02
      555.37179    8.00181E+04    2.79784E-02
      555.91203    7.98497E+04    2.79684E-02
      556.45228    7.95087E+04    2.78978E-02
      556.99252    7.91479E+04    2.78200E-02
      557.53277    7.88792E+04    2.77744E-02
      558.07301    7.87456E+04    2.77762E-02
      558.61326    7.87186E+04    2.78158E-02
      559.15350    7.87710E+04    2.78835E-02
      559.69375    7.88189E+04    2.79500E-02
      560.23399    7.87384E+04    2.79710E-02
      560.77424    7.84380E+04    2.79139E-02
      561.31448    7.79808E+04    2.78007E-02
      561.85473    7.75869E+04    2.77096E-02
      562.39497    7.74609E+04    2.77141E-02
      562.93522    7.75804E+04    2.78066E-02
      563.47546    7.77620E+04    2.79217E-02
      564.01571    7.78752E+04    2.80127E-02
      564.55595    7.78177E+04    2.80424E-02
      565.09620    7.75147E+04    2.79836E-02
      565.63644    7.70504E+04    2.78663E-02
      566.17669    7.66583E+04    2.77747E-02
      566.71693    7.64927E+04    2.77650E-02
      567.25718    7.64876E+04    2.78137E-02
      567.79742    7.65180E+04    2.78754E-02
      568.33767    7.65164E+04    2.79257E-02
      568.87791    7.64168E+04    2.79403E-02
      569.41816    7.61971E+04    2.79110E-02
      569.95840    7.59214E+04    2.78611E-02
      570.49865    7.56536E+04    2.78138E-02
      571.03889    7.54537E+04    2.77914E-02
      571.57913    7.53682E+04    2.78111E-02
      572.11938    7.54158E+04    2.78801E-02
      572.65962    7.54774E+04    2.79546E-02
      573.19987    7.54152E+04    2.79834E-02
      573.74011    7.51947E+04    2.79534E-02
      574.28036    7.48777E+04    2.78874E-02
      574.82060    7.45609E+04    2.78212E-02
      575.36085    7.43699E+04    2.78018E-02
      575.90109    7.43306E+04    2.78392E-02
      576.44134    7.43475E+04    2.78977E-02
      576.98158    7.43201E+04    2.79399E-02
      577.52183    7.41856E+04    2.79418E-02
      578.06207    7.39766E+04    2.79157E-02
      578.60232    7.37574E+04    2.78856E-02
      579.14256    7.35886E+04    2.78745E-02
      579.68281    7.34918E+04    2.78906E-02
      580.22305    7.34415E+04    2.79245E-02
      580.76330    7.33601E+04    2.79467E-02
      581.30354    7.31464E+04    2.79185E-02
      581.84379    7.28164E+04    2.78457E-02
      582.38403    7.25650E+04    2.78027E-02
      582.92428    7.25089E+04    2.78345E-02
      583.46452    7.25874E+04    2.79182E-02
      584.00477    7.26350E+04    2.79904E-02
      584.54501    7.25151E+04    2.79981E-02
      585.08526    7.22157E+04    2.79364E-02
      585.62550    7.18403E+04    2.78451E-02
      586.16575    7.15097E+04    2.77708E-02
      586.70599    7.13223E+04    2.77519E-02
      587.24624    7.13431E+04    2.78141E-02
      587.78648    7.14916E+04    2.79264E-02
      588.32673    7.15763E+04    2.80142E-02
      588.86697    7.14518E+04    2.80203E-02
      589.40722    7.11268E+04    2.79477E-02
      589.94746    7.07619E+04    2.78590E-02
      590.48771    7.05158E+04    2.78169E-02
      591.02795    7.04253E+04    2.78361E-02
      591.56820    7.04179E+04    2.78883E-02
      592.10844    7.04417E+04    2.79531E-02
      592.64869    7.04516E+04    2.80126E-02
      593.18893    7.03374E+04    2.80229E-02
      593.72918    7.00465E+04    2.79627E-02
      594.26942    6.96664E+04    2.78666E-02
      594.80967    6.93450E+04    2.77936E-02
      595.34991    6.91866E+04    2.77858E-02
      595.89016    6.92421E+04    2.78640E-02
      596.43040    6.94245E+04    2.79938E-02
      596.97065    6.95106E+04    2.80851E-02
      597.51089    6.93535E+04    2.80783E-02
      598.05114    6.90080E+04    2.79951E-02
      598.59138    6.86590E+04    2.79102E-02
      599.13163    6.84536E+04    2.78833E-02
      599.67187    6.83967E+04    2.79170E-02
      600.21212    6.84183E+04    2.79830E-02
      600.75236    6.84070E+04    2.80356E-02
      601.29261    6.82548E+04    2.80307E-02
      601.83285    6.79979E+04    2.79827E-02
      602.37310    6.77257E+04    2.79281E-02
      602.91334    6.75485E+04    2.79126E-02
      603.45359    6.74686E+04    2.79373E-02
      603.99383    6.74163E+04    2.79736E-02
      604.53408    6.73318E+04    2.79966E-02
      605.07432    6.72042E+04    2.80018E-02
      605.61457    6.70615E+04    2.80006E-02
      606.15481    6.69305E+04    2.80044E-02
      606.69506    6.67916E+04    2.80048E-02
      607.23530    6.66056E+04    2.79856E-02
      607.77555    6.64284E+04    2.79698E-02
      608.31579    6.63453E+04    2.79938E-02
      608.85604    6.63374E+04    2.80496E-02
      609.39628    6.62604E+04    2.80765E-02
      609.93652    6.60211E+04    2.80344E-02
      610.47677    6.57195E+04    2.79657E-02
      611.01701    6.55073E+04    2.79349E-02
      611.55726    6.54605E+04    2.79746E-02
      612.09750    6.54834E+04    2.80443E-02
      612.63775    6.54401E+04    2.80859E-02
      613.17799    6.52648E+04    2.80709E-02
      613.71824    6.49949E+04    2.80151E-02
      614.25848    6.47249E+04    2.79589E-02
      614.79873    6.45449E+04    2.79415E-02
      615.33897    6.44615E+04    2.79659E-02
      615.87922    6.44244E+04    2.80106E-02
      616.41946    6.43585E+04    2.80429E-02
      616.95971    6.42307E+04    2.80483E-02
      617.49995    6.40352E+04    2.80242E-02
      618.04020    6.37923E+04    2.79791E-02
      618.58044    6.35654E+04    2.79408E-02
      619.12069    6.34404E+04    2.79473E-02
      619.66093    6.34039E+04    2.79929E-02
      620.20118    6.33744E+04    2.80418E-02
      620.74142    6.32901E+04    2.80666E-02
      621.28167    6.31678E+04    2.80746E-02
      621.82191    6.30259E+04    2.80739E-02
      622.36216    6.28652E+04    2.80648E-02
      622.90240    6.26813E+04    2.80453E-02
      623.44265    6.25057E+04    2.80295E-02
      623.98289    6.23476E+04    2.80214E-02
      624.52314    6.22082E+04    2.80217E-02
      625.06338    6.21292E+04    2.80493E-02
      625.60363    6.21559E+04    2.81249E-02
      626.14387    6.21737E+04    2.81967E-02
      626.68412    6.20249E+04    2.81931E-02
      627.22436    6.16549E+04    2.80888E-02
      627.76461    6.11911E+04    2.79411E-02
      628.30485    6.08586E+04    2.78529E-02
      628.84510    6.08009E+04    2.78903E-02
      629.38534    6.09921E+04    2.80423E-02
      629.92559    6.12356E+04    2.82192E-02
      630.46583    6.12797E+04    2.83047E-02
      631.00608    6.10344E+04    2.82567E-02
      631.54632    6.05837E+04    2.81131E-02
      632.08657    6.01093E+04    2.79578E-02
      632.62681    5.97921E+04    2.78751E-02
      633.16706    5.97029E+04    2.78985E-02
      633.70730    5.97768E+04    2.79985E-02
      634.24755    5.98695E+04    2.81077E-02
      634.78779    5.98183E+04    2.81498E-02
      635.32804    5.96232E+04    2.81241E-02
      635.86828    5.94190E+04    2.80941E-02
      636.40853    5.92731E+04    2.80915E-02
      636.94877    5.91710E+04    2.81097E-02
      637.48902    5.90525E+04    2.81202E-02
      638.02926    5.88595E+04    2.80952E-02
      638.56951    5.86229E+04    2.80493E-02
      639.10975    5.84166E+04    2.80175E-02
      639.65000    5.82842E+04    2.80213E-02
      640.19024    5.82018E+04    2.80491E-02
      640.73049    5.81629E+04    2.80980E-02
      641.27073    5.81016E+04    2.81364E-02
      641.81098    5.79773E+04    2.81443E-02
      642.35122    5.78125E+04    2.81326E-02
      642.89147    5.76046E+04    2.80998E-02
      643.43171    5.73880E+04    2.80626E-02
      643.97196    5.72160E+04    2.80471E-02
      644.51220    5.71418E+04    2.80795E-02
      645.05245    5.71584E+04    2.81568E-02
      645.59269    5.71490E+04    2.82217E-02
      646.13294    5.70019E+04    2.82188E-02
      646.67318    5.67128E+04    2.81453E-02
      647.21342    5.64309E+04    2.80751E-02
      647.75367    5.62647E+04    2.80622E-02
      648.29391    5.61613E+04    2.80806E-02
