BEHD @ YYE. Sim. done on 2023-10-27   17h28
### Sim. w/ κ =    0.400 ; and ∆_0 =  2.00; T =    2.98E+05
 ## r =  1.00E-06 ; rhosty =  1.05E+03 ; rhosol =  1.00E+03
 ## k =  2.00 ; ∆_eq =  2.00 ; num_particle =    1000
Time         sumz         <∆z^2>
        0.10805    3.35214E+03    4.19069E-04
        0.21610    1.28123E+04    1.60193E-03
        0.32415    2.76509E+04    3.45766E-03
        0.43220    4.70372E+04    5.88259E-03
        0.54024    7.00711E+04    8.76437E-03
        0.64829    9.58142E+04    1.19858E-02
        0.75634    1.23318E+05    1.54283E-02
        0.86439    1.51655E+05    1.89759E-02
        0.97244    1.79940E+05    2.25179E-02
        1.08049    2.07353E+05    2.59516E-02
        1.18854    2.33160E+05    2.91852E-02
        1.29659    2.56726E+05    3.21390E-02
        1.40464    2.77528E+05    3.47475E-02
        1.51269    2.95160E+05    3.69597E-02
        1.62073    3.09342E+05    3.87404E-02
        1.72878    3.19913E+05    4.00693E-02
        1.83683    3.26835E+05    4.09414E-02
        1.94488    3.30176E+05    4.13651E-02
        2.05293    3.30108E+05    4.13617E-02
        2.16098    3.26881E+05    4.09626E-02
        2.26903    3.20821E+05    4.02082E-02
        2.37708    3.12305E+05    3.91458E-02
        2.48513    3.01755E+05    3.78281E-02
        2.59318    2.89620E+05    3.63114E-02
        2.70122    2.76362E+05    3.46535E-02
        3.24147    2.08659E+05    2.61806E-02
        3.78171    1.68905E+05    2.12059E-02
        4.32196    1.71687E+05    2.15687E-02
        4.86220    2.01915E+05    2.53821E-02
        5.40245    2.33059E+05    2.93156E-02
        5.94269    2.46307E+05    3.10015E-02
        6.48294    2.39321E+05    3.01412E-02
        7.02318    2.22503E+05    2.80407E-02
        7.56343    2.08810E+05    2.63317E-02
        8.10367    2.05318E+05    2.59077E-02
        8.64392    2.10846E+05    2.66220E-02
        9.18416    2.19172E+05    2.76907E-02
        9.72441    2.24366E+05    2.83648E-02
       10.26465    2.24272E+05    2.83709E-02
       10.80490    2.20565E+05    2.79196E-02
       11.34514    2.16494E+05    2.74217E-02
       11.88539    2.14498E+05    2.71861E-02
       12.42563    2.15018E+05    2.72693E-02
       12.96588    2.16908E+05    2.75264E-02
       13.50612    2.18531E+05    2.77500E-02
       14.04637    2.18876E+05    2.78115E-02
       14.58661    2.18017E+05    2.77199E-02
       15.12686    2.16726E+05    2.75733E-02
       15.66710    2.15841E+05    2.74782E-02
       16.20735    2.15706E+05    2.74785E-02
       16.74759    2.16097E+05    2.75459E-02
       17.28784    2.16562E+05    2.76227E-02
       17.82808    2.16712E+05    2.76595E-02
       18.36833    2.16454E+05    2.76442E-02
       18.90857    2.16021E+05    2.76065E-02
       19.44882    2.15620E+05    2.75728E-02
       19.98906    2.15267E+05    2.75453E-02
       20.52931    2.14975E+05    2.75256E-02
       21.06955    2.14917E+05    2.75358E-02
       21.60980    2.15140E+05    2.75820E-02
       22.15004    2.15395E+05    2.76324E-02
       22.69029    2.15454E+05    2.76578E-02
       23.23053    2.15235E+05    2.76474E-02
       23.77078    2.14784E+05    2.76073E-02
       24.31102    2.14235E+05    2.75543E-02
       24.85127    2.13853E+05    2.75229E-02
       25.39151    2.13856E+05    2.75410E-02
       25.93176    2.14114E+05    2.75920E-02
       26.47200    2.14270E+05    2.76300E-02
       27.01225    2.14123E+05    2.76287E-02
       27.55249    2.13775E+05    2.76016E-02
       28.09274    2.13420E+05    2.75736E-02
       28.63298    2.13174E+05    2.75596E-02
       29.17323    2.13129E+05    2.75717E-02
       29.71347    2.13142E+05    2.75913E-02
       30.25372    2.13029E+05    2.75945E-02
       30.79396    2.12808E+05    2.75837E-02
       31.33421    2.12660E+05    2.75824E-02
       31.87445    2.12657E+05    2.75999E-02
       32.41470    2.12683E+05    2.76212E-02
       32.95494    2.12575E+05    2.76251E-02
       33.49519    2.12257E+05    2.76016E-02
       34.03543    2.11892E+05    2.75722E-02
       34.57568    2.11698E+05    2.75648E-02
       35.11592    2.11708E+05    2.75841E-02
       35.65617    2.11752E+05    2.76078E-02
       36.19641    2.11638E+05    2.76109E-02
       36.73666    2.11371E+05    2.75942E-02
       37.27690    2.11007E+05    2.75646E-02
       37.81715    2.10671E+05    2.75386E-02
       38.35739    2.10496E+05    2.75338E-02
       38.89763    2.10464E+05    2.75477E-02
       39.43788    2.10500E+05    2.75705E-02
       39.97812    2.10616E+05    2.76037E-02
       40.51837    2.10782E+05    2.76435E-02
       41.05861    2.10857E+05    2.76715E-02
       41.59886    2.10657E+05    2.76634E-02
       42.13910    2.10179E+05    2.76187E-02
       42.67935    2.09599E+05    2.75606E-02
       43.21959    2.09172E+05    2.75226E-02
       43.75984    2.09061E+05    2.75261E-02
       44.30008    2.09248E+05    2.75689E-02
       44.84033    2.09539E+05    2.76254E-02
       45.38057    2.09713E+05    2.76666E-02
       45.92082    2.09628E+05    2.76737E-02
       46.46106    2.09246E+05    2.76415E-02
       47.00131    2.08662E+05    2.75825E-02
       47.54155    2.08115E+05    2.75285E-02
       48.08180    2.07842E+05    2.75106E-02
       48.62204    2.07914E+05    2.75383E-02
       49.16229    2.08155E+05    2.75885E-02
       49.70253    2.08353E+05    2.76330E-02
       50.24278    2.08388E+05    2.76560E-02
       50.78302    2.08207E+05    2.76503E-02
       51.32327    2.07881E+05    2.76254E-02
       51.86351    2.07598E+05    2.76061E-02
       52.40376    2.07375E+05    2.75948E-02
       52.94400    2.07160E+05    2.75846E-02
       53.48425    2.06945E+05    2.75742E-02
       54.02449    2.06808E+05    2.75744E-02
       54.56474    2.06827E+05    2.75954E-02
       55.10498    2.06888E+05    2.76219E-02
       55.64523    2.06816E+05    2.76307E-02
       56.18547    2.06538E+05    2.76120E-02
       56.72572    2.06177E+05    2.75823E-02
       57.26596    2.05952E+05    2.75705E-02
       57.80621    2.05907E+05    2.75830E-02
       58.34645    2.05883E+05    2.75982E-02
       58.88670    2.05751E+05    2.75990E-02
       59.42694    2.05562E+05    2.75922E-02
       59.96719    2.05375E+05    2.75856E-02
       60.50743    2.05249E+05    2.75873E-02
       61.04768    2.05248E+05    2.76057E-02
       61.58792    2.05250E+05    2.76245E-02
       62.12817    2.05051E+05    2.76163E-02
       62.66841    2.04655E+05    2.75815E-02
       63.20866    2.04265E+05    2.75475E-02
       63.74890    2.04054E+05    2.75376E-02
       64.28915    2.04071E+05    2.75585E-02
       64.82939    2.04252E+05    2.76016E-02
       65.36964    2.04378E+05    2.76373E-02
       65.90988    2.04281E+05    2.76428E-02
       66.45013    2.03941E+05    2.76156E-02
       66.99037    2.03476E+05    2.75712E-02
       67.53062    2.03122E+05    2.75419E-02
       68.07086    2.03115E+05    2.75597E-02
       68.61111    2.03418E+05    2.76195E-02
       69.15135    2.03732E+05    2.76810E-02
       69.69160    2.03787E+05    2.77072E-02
       70.23184    2.03412E+05    2.76751E-02
       70.77209    2.02763E+05    2.76056E-02
       71.31233    2.02202E+05    2.75480E-02
       71.85258    2.01923E+05    2.75287E-02
       72.39282    2.01902E+05    2.75446E-02
       72.93307    2.02037E+05    2.75819E-02
       73.47331    2.02158E+05    2.76172E-02
       74.01356    2.02123E+05    2.76313E-02
       74.55380    2.01910E+05    2.76210E-02
       75.09405    2.01586E+05    2.75957E-02
       75.63429    2.01225E+05    2.75650E-02
       76.17453    2.00944E+05    2.75455E-02
       76.71478    2.00868E+05    2.75539E-02
       77.25502    2.01002E+05    2.75913E-02
       77.79527    2.01189E+05    2.76358E-02
       78.33551    2.01294E+05    2.76692E-02
       78.87576    2.01172E+05    2.76715E-02
       79.41600    2.00771E+05    2.76354E-02
       79.95625    2.00334E+05    2.75942E-02
       80.49649    2.00058E+05    2.75752E-02
       81.03674    1.99957E+05    2.75803E-02
       81.57698    1.99952E+05    2.75986E-02
       82.11723    1.99958E+05    2.76185E-02
       82.65747    1.99925E+05    2.76330E-02
       83.19772    1.99729E+05    2.76250E-02
       83.73796    1.99357E+05    2.75926E-02
       84.27821    1.99024E+05    2.75656E-02
       84.81845    1.98936E+05    2.75726E-02
       85.35870    1.99085E+05    2.76123E-02
       85.89894    1.99238E+05    2.76528E-02
       86.43919    1.99197E+05    2.76662E-02
       86.97943    1.98958E+05    2.76522E-02
       87.51968    1.98636E+05    2.76266E-02
       88.05992    1.98333E+05    2.76037E-02
       88.60017    1.98058E+05    2.75846E-02
       89.14041    1.97857E+05    2.75758E-02
       89.68066    1.97824E+05    2.75905E-02
       90.22090    1.97861E+05    2.76150E-02
       90.76115    1.97801E+05    2.76258E-02
       91.30139    1.97554E+05    2.76106E-02
       91.84164    1.97249E+05    2.75873E-02
       92.38188    1.97080E+05    2.75829E-02
       92.92213    1.97092E+05    2.76039E-02
       93.46237    1.97197E+05    2.76380E-02
       94.00262    1.97195E+05    2.76571E-02
       94.54286    1.96955E+05    2.76429E-02
       95.08311    1.96553E+05    2.76058E-02
       95.62335    1.96134E+05    2.75663E-02
       96.16360    1.95833E+05    2.75434E-02
       96.70384    1.95719E+05    2.75467E-02
       97.24409    1.95770E+05    2.75733E-02
       97.78433    1.95895E+05    2.76103E-02
       98.32458    1.95972E+05    2.76407E-02
       98.86482    1.95897E+05    2.76496E-02
       99.40507    1.95664E+05    2.76362E-02
       99.94531    1.95403E+05    2.76188E-02
      100.48556    1.95224E+05    2.76130E-02
      101.02580    1.95176E+05    2.76258E-02
      101.56605    1.95165E+05    2.76438E-02
      102.10629    1.95044E+05    2.76463E-02
      102.64654    1.94772E+05    2.76272E-02
      103.18678    1.94395E+05    2.75934E-02
      103.72703    1.94070E+05    2.75668E-02
      104.26727    1.93954E+05    2.75699E-02
      104.80752    1.94050E+05    2.76031E-02
      105.34776    1.94187E+05    2.76423E-02
      105.88801    1.94153E+05    2.76572E-02
      106.42825    1.93820E+05    2.76294E-02
      106.96850    1.93320E+05    2.75778E-02
      107.50874    1.92961E+05    2.75462E-02
      108.04899    1.92931E+05    2.75616E-02
      108.58923    1.93196E+05    2.76192E-02
      109.12948    1.93488E+05    2.76806E-02
      109.66972    1.93450E+05    2.76951E-02
      110.20997    1.92954E+05    2.76438E-02
      110.75021    1.92305E+05    2.75706E-02
      111.29046    1.91962E+05    2.75411E-02
      111.83070    1.92030E+05    2.75707E-02
      112.37095    1.92285E+05    2.76271E-02
      112.91119    1.92360E+05    2.76578E-02
      113.45144    1.92111E+05    2.76418E-02
      113.99168    1.91753E+05    2.76102E-02
      114.53192    1.91525E+05    2.75972E-02
      115.07217    1.91461E+05    2.76079E-02
      115.61241    1.91457E+05    2.76273E-02
      116.15266    1.91385E+05    2.76368E-02
      116.69290    1.91207E+05    2.76311E-02
      117.23315    1.90941E+05    2.76126E-02
      117.77339    1.90711E+05    2.75993E-02
      118.31364    1.90695E+05    2.76169E-02
      118.85388    1.90848E+05    2.76591E-02
      119.39413    1.90888E+05    2.76850E-02
      119.93437    1.90574E+05    2.76596E-02
      120.47462    1.89971E+05    2.75921E-02
      121.01486    1.89466E+05    2.75386E-02
      121.55511    1.89394E+05    2.75483E-02
      122.09535    1.89654E+05    2.76061E-02
      122.63560    1.89909E+05    2.76634E-02
      123.17584    1.89899E+05    2.76821E-02
      123.71609    1.89576E+05    2.76551E-02
      124.25633    1.89098E+05    2.76056E-02
      124.79658    1.88658E+05    2.75614E-02
      125.33682    1.88350E+05    2.75366E-02
      125.87707    1.88279E+05    2.75464E-02
      126.41731    1.88477E+05    2.75954E-02
      126.95756    1.88780E+05    2.76600E-02
      127.49780    1.88933E+05    2.77028E-02
      128.03805    1.88768E+05    2.76990E-02
      128.57829    1.88263E+05    2.76451E-02
      129.11854    1.87628E+05    2.75721E-02
      129.65878    1.87166E+05    2.75244E-02
      130.19903    1.87055E+05    2.75283E-02
      130.73927    1.87292E+05    2.75834E-02
      131.27952    1.87623E+05    2.76526E-02
      131.81976    1.87705E+05    2.76851E-02
      132.36001    1.87402E+05    2.76609E-02
      132.90025    1.86803E+05    2.75927E-02
      133.44050    1.86222E+05    2.75273E-02
      133.98074    1.86029E+05    2.75191E-02
      134.52099    1.86349E+05    2.75868E-02
      135.06123    1.86865E+05    2.76837E-02
      135.60148    1.87053E+05    2.77321E-02
      136.14172    1.86702E+05    2.77006E-02
      136.68197    1.85957E+05    2.76106E-02
      137.22221    1.85234E+05    2.75237E-02
      137.76246    1.84950E+05    2.75019E-02
      138.30270    1.85193E+05    2.75585E-02
      138.84295    1.85632E+05    2.76444E-02
      139.38319    1.85860E+05    2.76990E-02
      139.92344    1.85668E+05    2.76910E-02
      140.46368    1.85163E+05    2.76363E-02
      141.00393    1.84622E+05    2.75761E-02
      141.54417    1.84355E+05    2.75567E-02
      142.08442    1.84418E+05    2.75869E-02
      142.62466    1.84672E+05    2.76455E-02
      143.16491    1.84898E+05    2.77000E-02
      143.70515    1.84865E+05    2.77159E-02
      144.24540    1.84502E+05    2.76822E-02
      144.78564    1.83913E+05    2.76146E-02
      145.32589    1.83317E+05    2.75458E-02
      145.86613    1.83019E+05    2.75217E-02
      146.40638    1.83142E+05    2.75609E-02
      146.94662    1.83468E+05    2.76307E-02
      147.48687    1.83685E+05    2.76843E-02
      148.02711    1.83649E+05    2.76997E-02
      148.56736    1.83369E+05    2.76784E-02
      149.10760    1.82977E+05    2.76400E-02
      149.64785    1.82686E+05    2.76170E-02
      150.18809    1.82554E+05    2.76178E-02
      150.72834    1.82524E+05    2.76342E-02
      151.26858    1.82472E+05    2.76472E-02
      151.80883    1.82281E+05    2.76392E-02
      152.34907    1.81988E+05    2.76158E-02
      152.88931    1.81738E+05    2.75987E-02
      153.42956    1.81670E+05    2.76094E-02
      153.96980    1.81778E+05    2.76469E-02
      154.51005    1.81886E+05    2.76844E-02
      155.05029    1.81751E+05    2.76848E-02
      155.59054    1.81305E+05    2.76380E-02
      156.13078    1.80706E+05    2.75677E-02
      156.67103    1.80343E+05    2.75332E-02
      157.21127    1.80409E+05    2.75644E-02
      157.75152    1.80715E+05    2.76323E-02
      158.29176    1.80965E+05    2.76916E-02
      158.83201    1.80995E+05    2.77175E-02
      159.37225    1.80781E+05    2.77059E-02
      159.91250    1.80407E+05    2.76697E-02
      160.45274    1.80012E+05    2.76304E-02
      160.99299    1.79761E+05    2.76130E-02
      161.53323    1.79657E+05    2.76183E-02
      162.07348    1.79610E+05    2.76323E-02
      162.61372    1.79512E+05    2.76384E-02
      163.15397    1.79351E+05    2.76350E-02
      163.69421    1.79177E+05    2.76294E-02
      164.23446    1.78945E+05    2.76150E-02
      164.77470    1.78658E+05    2.75919E-02
      165.31495    1.78447E+05    2.75807E-02
      165.85519    1.78425E+05    2.75986E-02
      166.39544    1.78603E+05    2.76476E-02
      166.93568    1.78747E+05    2.76913E-02
      167.47593    1.78576E+05    2.76863E-02
      168.01617    1.78089E+05    2.76321E-02
      168.55642    1.77598E+05    2.75773E-02
      169.09666    1.77397E+05    2.75676E-02
      169.63691    1.77568E+05    2.76155E-02
      170.17715    1.77827E+05    2.76773E-02
      170.71740    1.77833E+05    2.76999E-02
      171.25764    1.77581E+05    2.76822E-02
      171.79789    1.77253E+05    2.76525E-02
      172.33813    1.76956E+05    2.76278E-02
      172.87838    1.76711E+05    2.76111E-02
      173.41862    1.76524E+05    2.76034E-02
      173.95887    1.76392E+05    2.76044E-02
      174.49911    1.76327E+05    2.76158E-02
      175.03936    1.76370E+05    2.76441E-02
      175.57960    1.76432E+05    2.76755E-02
      176.11985    1.76403E+05    2.76928E-02
      176.66009    1.76220E+05    2.76858E-02
      177.20034    1.75909E+05    2.76586E-02
      177.74058    1.75566E+05    2.76265E-02
      178.28083    1.75312E+05    2.76082E-02
      178.82107    1.75214E+05    2.76146E-02
      179.36132    1.75227E+05    2.76384E-02
      179.90156    1.75256E+05    2.76648E-02
      180.44181    1.75211E+05    2.76795E-02
      180.98205    1.75018E+05    2.76709E-02
      181.52230    1.74655E+05    2.76353E-02
      182.06254    1.74248E+05    2.75928E-02
      182.60279    1.73967E+05    2.75700E-02
      183.14303    1.73918E+05    2.75842E-02
      183.68328    1.74024E+05    2.76229E-02
      184.22352    1.74180E+05    2.76696E-02
      184.76377    1.74263E+05    2.77048E-02
      185.30401    1.74121E+05    2.77042E-02
      185.84426    1.73682E+05    2.76563E-02
      186.38450    1.73107E+05    2.75868E-02
      186.92475    1.72692E+05    2.75426E-02
      187.46499    1.72653E+05    2.75583E-02
      188.00524    1.72815E+05    2.76062E-02
      188.54548    1.72936E+05    2.76476E-02
      189.08573    1.72913E+05    2.76662E-02
      189.62597    1.72787E+05    2.76680E-02
      190.16622    1.72634E+05    2.76656E-02
      190.70646    1.72447E+05    2.76579E-02
      191.24670    1.72172E+05    2.76359E-02
      191.78695    1.71875E+05    2.76104E-02
      192.32719    1.71658E+05    2.75977E-02
      192.86744    1.71517E+05    2.75973E-02
      193.40768    1.71493E+05    2.76156E-02
      193.94793    1.71584E+05    2.76525E-02
      194.48817    1.71709E+05    2.76949E-02
      195.02842    1.71740E+05    2.77224E-02
      195.56866    1.71586E+05    2.77199E-02
      196.10891    1.71194E+05    2.76788E-02
      196.64915    1.70647E+05    2.76127E-02
      197.18940    1.70134E+05    2.75520E-02
      197.72964    1.69857E+05    2.75295E-02
      198.26989    1.69896E+05    2.75581E-02
      198.81013    1.70137E+05    2.76196E-02
      199.35038    1.70396E+05    2.76841E-02
      199.89062    1.70489E+05    2.77217E-02
      200.43087    1.70298E+05    2.77132E-02
      200.97111    1.69873E+05    2.76666E-02
      201.51136    1.69408E+05    2.76134E-02
      202.05160    1.69099E+05    2.75854E-02
      202.59185    1.69022E+05    2.75955E-02
      203.13209    1.69107E+05    2.76319E-02
      203.67234    1.69180E+05    2.76664E-02
      204.21258    1.69102E+05    2.76763E-02
      204.75283    1.68876E+05    2.76619E-02
      205.29307    1.68585E+05    2.76368E-02
      205.83332    1.68260E+05    2.76062E-02
      206.37356    1.67955E+05    2.75788E-02
      206.91381    1.67768E+05    2.75708E-02
      207.45405    1.67804E+05    2.75993E-02
      207.99430    1.68019E+05    2.76574E-02
      208.53454    1.68218E+05    2.77130E-02
      209.07479    1.68255E+05    2.77420E-02
      209.61503    1.68081E+05    2.77361E-02
      210.15528    1.67622E+05    2.76832E-02
      210.69552    1.66902E+05    2.75872E-02
      211.23577    1.66212E+05    2.74957E-02
      211.77601    1.65976E+05    2.74795E-02
      212.31626    1.66353E+05    2.75648E-02
      212.85650    1.67070E+05    2.77065E-02
      213.39675    1.67601E+05    2.78175E-02
      213.93699    1.67556E+05    2.78332E-02
      214.47724    1.66937E+05    2.77535E-02
      215.01748    1.66070E+05    2.76323E-02
      215.55773    1.65326E+05    2.75314E-02
      216.09797    1.65032E+05    2.75053E-02
      216.63822    1.65281E+05    2.75698E-02
      217.17846    1.65754E+05    2.76718E-02
      217.71871    1.66019E+05    2.77392E-02
      218.25895    1.65920E+05    2.77459E-02
      218.79920    1.65525E+05    2.77030E-02
      219.33944    1.65007E+05    2.76393E-02
      219.87969    1.64619E+05    2.75975E-02
      220.41993    1.64397E+05    2.75834E-02
      220.96018    1.64330E+05    2.75954E-02
      221.50042    1.64460E+05    2.76403E-02
      222.04067    1.64652E+05    2.76959E-02
      222.58091    1.64684E+05    2.77245E-02
      223.12116    1.64540E+05    2.77237E-02
      223.66140    1.64255E+05    2.76989E-02
      224.20165    1.63927E+05    2.76670E-02
      224.74189    1.63667E+05    2.76465E-02
      225.28214    1.63459E+05    2.76346E-02
      225.82238    1.63286E+05    2.76287E-02
      226.36263    1.63172E+05    2.76329E-02
      226.90287    1.63127E+05    2.76487E-02
      227.44312    1.63121E+05    2.76711E-02
      227.98336    1.63019E+05    2.76773E-02
      228.52360    1.62782E+05    2.76605E-02
      229.06385    1.62536E+05    2.76422E-02
      229.60409    1.62422E+05    2.76464E-02
      230.14434    1.62432E+05    2.76715E-02
      230.68458    1.62452E+05    2.76986E-02
      231.22483    1.62349E+05    2.77046E-02
      231.76507    1.62011E+05    2.76705E-02
      232.30532    1.61554E+05    2.76161E-02
      232.84556    1.61214E+05    2.75815E-02
      233.38581    1.61188E+05    2.76007E-02
      233.92605    1.61358E+05    2.76535E-02
      234.46630    1.61470E+05    2.76964E-02
      235.00654    1.61382E+05    2.77050E-02
      235.54679    1.61096E+05    2.76797E-02
      236.08703    1.60788E+05    2.76505E-02
      236.62728    1.60605E+05    2.76428E-02
      237.16752    1.60565E+05    2.76599E-02
      237.70777    1.60623E+05    2.76936E-02
      238.24801    1.60593E+05    2.77124E-02
      238.78826    1.60420E+05    2.77064E-02
      239.32850    1.60187E+05    2.76901E-02
      239.86875    1.59900E+05    2.76644E-02
      240.40899    1.59578E+05    2.76326E-02
      240.94924    1.59342E+05    2.76156E-02
      241.48948    1.59247E+05    2.76230E-02
      242.02973    1.59263E+05    2.76499E-02
      242.56997    1.59267E+05    2.76745E-02
      243.11022    1.59195E+05    2.76861E-02
      243.65046    1.59055E+05    2.76859E-02
      244.19071    1.58900E+05    2.76828E-02
      244.73095    1.58744E+05    2.76798E-02
      245.27120    1.58571E+05    2.76739E-02
      245.81144    1.58337E+05    2.76571E-02
      246.35169    1.58105E+05    2.76407E-02
      246.89193    1.57948E+05    2.76374E-02
      247.43218    1.57836E+05    2.76421E-02
      247.97242    1.57738E+05    2.76491E-02
      248.51267    1.57661E+05    2.76598E-02
      249.05291    1.57550E+05    2.76647E-02
      249.59316    1.57366E+05    2.76565E-02
      250.13340    1.57164E+05    2.76454E-02
      250.67365    1.57001E+05    2.76410E-02
      251.21389    1.56893E+05    2.76464E-02
      251.75414    1.56864E+05    2.76655E-02
      252.29438    1.56842E+05    2.76862E-02
      252.83463    1.56757E+05    2.76955E-02
      253.37487    1.56579E+05    2.76887E-02
      253.91512    1.56356E+05    2.76736E-02
      254.45536    1.56163E+05    2.76640E-02
      254.99561    1.55998E+05    2.76593E-02
      255.53585    1.55836E+05    2.76550E-02
      256.07610    1.55728E+05    2.76604E-02
      256.61634    1.55661E+05    2.76731E-02
      257.15659    1.55547E+05    2.76775E-02
      257.69683    1.55336E+05    2.76645E-02
      258.23708    1.55092E+05    2.76457E-02
      258.77732    1.54924E+05    2.76403E-02
      259.31757    1.54852E+05    2.76522E-02
      259.85781    1.54821E+05    2.76712E-02
      260.39806    1.54801E+05    2.76925E-02
      260.93830    1.54743E+05    2.77070E-02
      261.47855    1.54620E+05    2.77096E-02
      262.01879    1.54399E+05    2.76950E-02
      262.55904    1.54168E+05    2.76783E-02
      263.09928    1.53999E+05    2.76727E-02
      263.63953    1.53880E+05    2.76763E-02
      264.17977    1.53771E+05    2.76815E-02
      264.72002    1.53582E+05    2.76725E-02
      265.26026    1.53238E+05    2.76354E-02
      265.80051    1.52862E+05    2.75925E-02
      266.34075    1.52771E+05    2.76010E-02
      266.88099    1.53084E+05    2.76824E-02
      267.42124    1.53525E+05    2.77874E-02
      267.96148    1.53618E+05    2.78293E-02
      268.50173    1.53142E+05    2.77682E-02
      269.04197    1.52360E+05    2.76516E-02
      269.58222    1.51761E+05    2.75678E-02
      270.12246    1.51653E+05    2.75732E-02
      270.66271    1.51969E+05    2.76559E-02
      271.20295    1.52267E+05    2.77353E-02
      271.74320    1.52184E+05    2.77454E-02
      272.28344    1.51671E+05    2.76772E-02
      272.82369    1.51030E+05    2.75854E-02
      273.36393    1.50753E+05    2.75599E-02
      273.90418    1.51012E+05    2.76326E-02
      274.44442    1.51477E+05    2.77431E-02
      274.98467    1.51644E+05    2.77991E-02
      275.52491    1.51321E+05    2.77653E-02
      276.06516    1.50662E+05    2.76698E-02
      276.60540    1.50000E+05    2.75736E-02
      277.14565    1.49706E+05    2.75448E-02
      277.68589    1.49892E+05    2.76045E-02
      278.22614    1.50327E+05    2.77101E-02
      278.76638    1.50668E+05    2.77985E-02
      279.30663    1.50632E+05    2.78176E-02
      279.84687    1.50186E+05    2.77609E-02
      280.38712    1.49587E+05    2.76757E-02
      280.92736    1.49173E+05    2.76247E-02
      281.46761    1.49095E+05    2.76357E-02
      282.00785    1.49210E+05    2.76827E-02
      282.54810    1.49217E+05    2.77097E-02
      283.08834    1.48996E+05    2.76945E-02
      283.62859    1.48719E+05    2.76687E-02
      284.16883    1.48561E+05    2.76650E-02
      284.70908    1.48508E+05    2.76810E-02
      285.24932    1.48473E+05    2.77002E-02
      285.78957    1.48325E+05    2.76984E-02
      286.32981    1.48057E+05    2.76742E-02
      286.87006    1.47824E+05    2.76565E-02
      287.41030    1.47677E+05    2.76549E-02
      287.95055    1.47637E+05    2.76733E-02
      288.49079    1.47661E+05    2.77037E-02
      289.03104    1.47596E+05    2.77175E-02
      289.57128    1.47300E+05    2.76879E-02
      290.11153    1.46929E+05    2.76442E-02
      290.65177    1.46704E+05    2.76278E-02
      291.19202    1.46694E+05    2.76520E-02
      291.73226    1.46774E+05    2.76932E-02
      292.27251    1.46800E+05    2.77243E-02
      292.81275    1.46693E+05    2.77302E-02
      293.35300    1.46393E+05    2.76998E-02
      293.89324    1.45998E+05    2.76511E-02
      294.43349    1.45687E+05    2.76185E-02
      294.97373    1.45603E+05    2.76287E-02
      295.51398    1.45718E+05    2.76767E-02
      296.05422    1.45853E+05    2.77288E-02
      296.59447    1.45817E+05    2.77482E-02
      297.13471    1.45556E+05    2.77249E-02
      297.67496    1.45204E+05    2.76843E-02
      298.21520    1.44891E+05    2.76509E-02
      298.75545    1.44679E+05    2.76369E-02
      299.29569    1.44574E+05    2.76431E-02
      299.83594    1.44541E+05    2.76633E-02
      300.37618    1.44614E+05    2.77039E-02
      300.91643    1.44750E+05    2.77565E-02
      301.45667    1.44775E+05    2.77879E-02
      301.99692    1.44490E+05    2.77599E-02
      302.53716    1.43943E+05    2.76813E-02
      303.07741    1.43427E+05    2.76087E-02
      303.61765    1.43209E+05    2.75933E-02
      304.15790    1.43256E+05    2.76290E-02
      304.69814    1.43365E+05    2.76767E-02
      305.23838    1.43397E+05    2.77095E-02
      305.77863    1.43400E+05    2.77370E-02
      306.31887    1.43392E+05    2.77622E-02
      306.85912    1.43243E+05    2.77603E-02
      307.39936    1.42918E+05    2.77241E-02
      307.93961    1.42469E+05    2.76639E-02
      308.47985    1.42037E+05    2.76068E-02
      309.02010    1.41806E+05    2.75886E-02
      309.56034    1.41889E+05    2.76317E-02
      310.10059    1.42167E+05    2.77129E-02
      310.64083    1.42370E+05    2.77795E-02
      311.18108    1.42318E+05    2.77964E-02
      311.72132    1.42031E+05    2.77676E-02
      312.26157    1.41635E+05    2.77173E-02
      312.80181    1.41244E+05    2.76677E-02
      313.34206    1.40899E+05    2.76272E-02
      313.88230    1.40675E+05    2.76104E-02
      314.42255    1.40653E+05    2.76333E-02
      314.96279    1.40830E+05    2.76951E-02
      315.50304    1.41068E+05    2.77692E-02
      316.04328    1.41111E+05    2.78051E-02
      316.58353    1.40798E+05    2.77709E-02
      317.12377    1.40221E+05    2.76844E-02
      317.66402    1.39714E+05    2.76115E-02
      318.20426    1.39608E+05    2.76178E-02
      318.74451    1.39835E+05    2.76902E-02
      319.28475    1.39983E+05    2.77469E-02
      319.82500    1.39764E+05    2.77309E-02
      320.36524    1.39309E+05    2.76681E-02
      320.90549    1.38957E+05    2.76256E-02
      321.44573    1.38882E+05    2.76383E-02
      321.98598    1.38981E+05    2.76855E-02
      322.52622    1.39052E+05    2.77272E-02
      323.06647    1.38995E+05    2.77435E-02
      323.60671    1.38797E+05    2.77318E-02
      324.14696    1.38505E+05    2.77010E-02
      324.68720    1.38218E+05    2.76712E-02
      325.22745    1.38047E+05    2.76648E-02
      325.76769    1.38028E+05    2.76887E-02
      326.30794    1.38015E+05    2.77138E-02
      326.84818    1.37930E+05    2.77247E-02
      327.38843    1.37803E+05    2.77270E-02
      327.92867    1.37682E+05    2.77304E-02
      328.46892    1.37513E+05    2.77244E-02
      329.00916    1.37235E+05    2.76963E-02
      329.54941    1.36894E+05    2.76553E-02
      330.08965    1.36631E+05    2.76302E-02
      330.62990    1.36531E+05    2.76379E-02
      331.17014    1.36529E+05    2.76655E-02
      331.71039    1.36540E+05    2.76958E-02
      332.25063    1.36528E+05    2.77214E-02
      332.79088    1.36411E+05    2.77259E-02
      333.33112    1.36134E+05    2.76977E-02
      333.87137    1.35767E+05    2.76511E-02
      334.41161    1.35509E+05    2.76267E-02
      334.95186    1.35461E+05    2.76451E-02
      335.49210    1.35481E+05    2.76775E-02
      336.03235    1.35386E+05    2.76863E-02
      336.57259    1.35190E+05    2.76745E-02
      337.11284    1.35028E+05    2.76697E-02
      337.65308    1.34995E+05    2.76912E-02
      338.19333    1.34959E+05    2.77124E-02
      338.73357    1.34759E+05    2.76996E-02
      339.27382    1.34441E+05    2.76627E-02
      339.81406    1.34155E+05    2.76323E-02
      340.35431    1.34022E+05    2.76335E-02
      340.89455    1.34029E+05    2.76633E-02
      341.43480    1.34067E+05    2.76997E-02
      341.97504    1.34068E+05    2.77286E-02
      342.51528    1.33983E+05    2.77397E-02
      343.05553    1.33766E+05    2.77236E-02
      343.59577    1.33471E+05    2.76912E-02
      344.13602    1.33236E+05    2.76710E-02
      344.67626    1.33129E+05    2.76776E-02
      345.21651    1.33066E+05    2.76932E-02
      345.75675    1.32924E+05    2.76925E-02
      346.29700    1.32731E+05    2.76811E-02
      346.83724    1.32669E+05    2.76971E-02
      347.37749    1.32770E+05    2.77471E-02
      347.91773    1.32868E+05    2.77967E-02
      348.45798    1.32767E+05    2.78045E-02
      348.99822    1.32383E+05    2.77533E-02
      349.53847    1.31848E+05    2.76700E-02
      350.07871    1.31410E+05    2.76071E-02
      350.61896    1.31263E+05    2.76052E-02
      351.15920    1.31422E+05    2.76678E-02
      351.69945    1.31669E+05    2.77489E-02
      352.23969    1.31688E+05    2.77822E-02
      352.77994    1.31418E+05    2.77545E-02
      353.32018    1.31025E+05    2.77008E-02
      353.86043    1.30739E+05    2.76697E-02
      354.40067    1.30679E+05    2.76862E-02
      354.94092    1.30780E+05    2.77369E-02
      355.48116    1.30867E+05    2.77849E-02
      356.02141    1.30763E+05    2.77924E-02
      356.56165    1.30450E+05    2.77553E-02
      357.10190    1.30058E+05    2.77015E-02
      357.64214    1.29749E+05    2.76651E-02
      358.18239    1.29576E+05    2.76577E-02
      358.72263    1.29475E+05    2.76655E-02
      359.26288    1.29370E+05    2.76727E-02
      359.80312    1.29309E+05    2.76893E-02
      360.34337    1.29330E+05    2.77235E-02
      360.88361    1.29348E+05    2.77570E-02
      361.42386    1.29257E+05    2.77674E-02
      361.96410    1.29010E+05    2.77440E-02
      362.50435    1.28681E+05    2.77032E-02
      363.04459    1.28436E+05    2.76802E-02
      363.58484    1.28323E+05    2.76857E-02
      364.12508    1.28280E+05    2.77062E-02
      364.66533    1.28241E+05    2.77278E-02
      365.20557    1.28209E+05    2.77508E-02
      365.74582    1.28144E+05    2.77669E-02
      366.28606    1.28031E+05    2.77724E-02
      366.82631    1.27875E+05    2.77687E-02
      367.36655    1.27658E+05    2.77516E-02
      367.90680    1.27435E+05    2.77335E-02
      368.44704    1.27214E+05    2.77155E-02
      368.98729    1.26983E+05    2.76953E-02
      369.52753    1.26771E+05    2.76792E-02
      370.06778    1.26630E+05    2.76787E-02
      370.60802    1.26590E+05    2.77002E-02
      371.14827    1.26615E+05    2.77361E-02
      371.68851    1.26586E+05    2.77601E-02
      372.22876    1.26373E+05    2.77437E-02
      372.76900    1.25995E+05    2.76912E-02
      373.30925    1.25615E+05    2.76381E-02
      373.84949    1.25459E+05    2.76340E-02
      374.38974    1.25628E+05    2.77019E-02
      374.92998    1.25947E+05    2.78029E-02
      375.47023    1.26083E+05    2.78636E-02
      376.01047    1.25881E+05    2.78497E-02
      376.55072    1.25413E+05    2.77770E-02
      377.09096    1.24892E+05    2.76922E-02
      377.63121    1.24553E+05    2.76478E-02
      378.17145    1.24494E+05    2.76654E-02
      378.71170    1.24583E+05    2.77158E-02
      379.25194    1.24663E+05    2.77647E-02
      379.79219    1.24664E+05    2.77958E-02
      380.33243    1.24592E+05    2.78108E-02
      380.87267    1.24510E+05    2.78234E-02
      381.41292    1.24389E+05    2.78276E-02
      381.95316    1.24154E+05    2.78060E-02
      382.49341    1.23785E+05    2.77544E-02
      383.03365    1.23360E+05    2.76902E-02
      383.57390    1.23082E+05    2.76589E-02
      384.11414    1.23030E+05    2.76783E-02
      384.65439    1.23147E+05    2.77358E-02
      385.19463    1.23232E+05    2.77861E-02
      385.73488    1.23208E+05    2.78122E-02
      386.27512    1.23115E+05    2.78226E-02
      386.81537    1.22993E+05    2.78265E-02
      387.35561    1.22789E+05    2.78118E-02
      387.89586    1.22483E+05    2.77739E-02
      388.43610    1.22147E+05    2.77293E-02
      388.97635    1.21914E+05    2.77077E-02
      389.51659    1.21848E+05    2.77241E-02
      390.05684    1.21875E+05    2.77621E-02
      390.59708    1.21822E+05    2.77814E-02
      391.13733    1.21603E+05    2.77631E-02
      391.67757    1.21373E+05    2.77423E-02
      392.21782    1.21355E+05    2.77699E-02
      392.75806    1.21484E+05    2.78314E-02
      393.29831    1.21479E+05    2.78621E-02
      393.83855    1.21243E+05    2.78399E-02
      394.37880    1.20859E+05    2.77837E-02
      394.91904    1.20506E+05    2.77344E-02
      395.45929    1.20280E+05    2.77143E-02
      395.99953    1.20181E+05    2.77234E-02
      396.53978    1.20168E+05    2.77524E-02
      397.08002    1.20169E+05    2.77848E-02
      397.62027    1.20088E+05    2.77981E-02
      398.16051    1.19931E+05    2.77939E-02
      398.70076    1.19793E+05    2.77942E-02
      399.24100    1.19720E+05    2.78095E-02
      399.78125    1.19675E+05    2.78313E-02
      400.32149    1.19541E+05    2.78326E-02
      400.86174    1.19255E+05    2.77984E-02
      401.40198    1.18848E+05    2.77358E-02
      401.94223    1.18511E+05    2.76895E-02
      402.48247    1.18456E+05    2.77089E-02
      403.02272    1.18653E+05    2.77875E-02
      403.56296    1.18860E+05    2.78687E-02
      404.10321    1.18842E+05    2.78972E-02
      404.64345    1.18525E+05    2.78555E-02
      405.18370    1.18073E+05    2.77820E-02
      405.72394    1.17741E+05    2.77363E-02
      406.26419    1.17676E+05    2.77538E-02
      406.80443    1.17808E+05    2.78177E-02
      407.34468    1.17884E+05    2.78685E-02
      407.88492    1.17736E+05    2.78665E-02
      408.42517    1.17381E+05    2.78155E-02
      408.96541    1.17016E+05    2.77618E-02
      409.50566    1.16825E+05    2.77493E-02
      410.04590    1.16813E+05    2.77796E-02
      410.58615    1.16885E+05    2.78298E-02
      411.12639    1.16897E+05    2.78658E-02
      411.66664    1.16804E+05    2.78769E-02
      412.20688    1.16607E+05    2.78631E-02
      412.74713    1.16336E+05    2.78316E-02
      413.28737    1.16026E+05    2.77906E-02
      413.82762    1.15720E+05    2.77505E-02
      414.36786    1.15475E+05    2.77252E-02
      414.90811    1.15424E+05    2.77462E-02
      415.44835    1.15593E+05    2.78203E-02
      415.98860    1.15781E+05    2.78990E-02
      416.52884    1.15711E+05    2.79159E-02
      417.06909    1.15280E+05    2.78455E-02
      417.60933    1.14724E+05    2.77447E-02
      418.14958    1.14361E+05    2.76903E-02
      418.68982    1.14322E+05    2.77145E-02
      419.23006    1.14530E+05    2.77985E-02
      419.77031    1.14737E+05    2.78826E-02
      420.31055    1.14727E+05    2.79140E-02
      420.85080    1.14443E+05    2.78790E-02
      421.39104    1.13986E+05    2.78015E-02
      421.93129    1.13538E+05    2.77259E-02
      422.47153    1.13283E+05    2.76975E-02
      423.01178    1.13318E+05    2.77399E-02
      423.55202    1.13510E+05    2.78211E-02
      424.09227    1.13581E+05    2.78728E-02
      424.63251    1.13444E+05    2.78732E-02
      425.17276    1.13146E+05    2.78341E-02
      425.71300    1.12813E+05    2.77864E-02
      426.25325    1.12589E+05    2.77654E-02
      426.79349    1.12574E+05    2.77960E-02
      427.33374    1.12653E+05    2.78500E-02
      427.87398    1.12587E+05    2.78681E-02
      428.41423    1.12315E+05    2.78351E-02
      428.95447    1.12043E+05    2.78021E-02
      429.49472    1.11949E+05    2.78135E-02
      430.03496    1.11959E+05    2.78505E-02
      430.57521    1.11843E+05    2.78562E-02
      431.11545    1.11559E+05    2.78202E-02
      431.65570    1.11251E+05    2.77780E-02
      432.19594    1.11059E+05    2.77648E-02
      432.73619    1.10998E+05    2.77842E-02
      433.27643    1.10981E+05    2.78147E-02
      433.81668    1.10937E+05    2.78385E-02
      434.35692    1.10888E+05    2.78614E-02
      434.89717    1.10787E+05    2.78709E-02
      435.43741    1.10595E+05    2.78578E-02
      435.97766    1.10325E+05    2.78247E-02
      436.51790    1.10039E+05    2.77876E-02
      437.05815    1.09870E+05    2.77800E-02
      437.59839    1.09815E+05    2.78013E-02
      438.13864    1.09804E+05    2.78336E-02
      438.67888    1.09795E+05    2.78668E-02
      439.21913    1.09767E+05    2.78951E-02
      439.75937    1.09673E+05    2.79067E-02
      440.29962    1.09443E+05    2.78836E-02
      440.83986    1.09168E+05    2.78489E-02
      441.38011    1.08974E+05    2.78350E-02
      441.92035    1.08854E+05    2.78398E-02
      442.46060    1.08751E+05    2.78492E-02
      443.00084    1.08652E+05    2.78594E-02
      443.54109    1.08585E+05    2.78779E-02
      444.08133    1.08524E+05    2.78982E-02
      444.62158    1.08388E+05    2.78991E-02
      445.16182    1.08194E+05    2.78852E-02
      445.70207    1.07993E+05    2.78691E-02
      446.24231    1.07790E+05    2.78528E-02
      446.78256    1.07562E+05    2.78298E-02
      447.32280    1.07319E+05    2.78030E-02
      447.86305    1.07126E+05    2.77889E-02
      448.40329    1.07004E+05    2.77933E-02
      448.94354    1.06955E+05    2.78167E-02
      449.48378    1.06946E+05    2.78506E-02
      450.02403    1.06926E+05    2.78815E-02
      450.56427    1.06845E+05    2.78969E-02
      451.10452    1.06705E+05    2.78966E-02
      451.64476    1.06510E+05    2.78823E-02
      452.18501    1.06307E+05    2.78654E-02
      452.72525    1.06102E+05    2.78484E-02
      453.26550    1.05892E+05    2.78298E-02
      453.80574    1.05700E+05    2.78157E-02
      454.34599    1.05540E+05    2.78102E-02
      454.88623    1.05401E+05    2.78103E-02
      455.42648    1.05262E+05    2.78103E-02
      455.96672    1.05121E+05    2.78097E-02
      456.50697    1.05027E+05    2.78218E-02
      457.04721    1.05008E+05    2.78535E-02
      457.58745    1.04995E+05    2.78872E-02
      458.12770    1.04866E+05    2.78898E-02
      458.66794    1.04557E+05    2.78448E-02
      459.20819    1.04217E+05    2.77913E-02
      459.74843    1.04093E+05    2.77952E-02
      460.28868    1.04247E+05    2.78735E-02
      460.82892    1.04449E+05    2.79650E-02
      461.36917    1.04420E+05    2.79945E-02
      461.90941    1.04092E+05    2.79441E-02
      462.44966    1.03567E+05    2.78405E-02
      462.98990    1.03085E+05    2.77484E-02
      463.53015    1.02861E+05    2.77254E-02
      464.07039    1.02921E+05    2.77791E-02
      464.61064    1.03089E+05    2.78618E-02
      465.15088    1.03164E+05    2.79199E-02
      465.69113    1.03048E+05    2.79263E-02
      466.23137    1.02804E+05    2.78980E-02
      466.77162    1.02545E+05    2.78655E-02
      467.31186    1.02367E+05    2.78549E-02
      467.85211    1.02262E+05    2.78643E-02
      468.39235    1.02159E+05    2.78742E-02
      468.93260    1.02046E+05    2.78813E-02
      469.47284    1.01959E+05    2.78958E-02
      470.01309    1.01856E+05    2.79058E-02
      470.55333    1.01680E+05    2.78956E-02
      471.09358    1.01440E+05    2.78681E-02
      471.63382    1.01241E+05    2.78517E-02
      472.17407    1.01157E+05    2.78669E-02
      472.71431    1.01134E+05    2.78989E-02
      473.25456    1.01046E+05    2.79134E-02
      473.79480    1.00808E+05    2.78859E-02
      474.33505    1.00537E+05    2.78496E-02
      474.87529    1.00391E+05    2.78478E-02
      475.41554    1.00332E+05    2.78700E-02
      475.95578    1.00302E+05    2.79003E-02
      476.49603    1.00255E+05    2.79262E-02
      477.03627    1.00179E+05    2.79440E-02
      477.57652    1.00061E+05    2.79500E-02
      478.11676    9.98941E+04    2.79424E-02
      478.65701    9.96420E+04    2.79109E-02
      479.19725    9.93360E+04    2.78642E-02
      479.73750    9.90920E+04    2.78348E-02
      480.27774    9.90025E+04    2.78488E-02
      480.81799    9.90424E+04    2.78993E-02
      481.35823    9.91364E+04    2.79651E-02
      481.89848    9.91556E+04    2.80101E-02
      482.43872    9.90242E+04    2.80125E-02
      482.97897    9.87416E+04    2.79721E-02
      483.51921    9.84280E+04    2.79228E-02
      484.05946    9.82247E+04    2.79047E-02
      484.59970    9.81365E+04    2.79194E-02
      485.13995    9.80673E+04    2.79394E-02
      485.68019    9.79548E+04    2.79472E-02
      486.22044    9.78064E+04    2.79447E-02
      486.76068    9.76616E+04    2.79432E-02
      487.30093    9.75423E+04    2.79491E-02
      487.84117    9.74386E+04    2.79594E-02
      488.38142    9.73135E+04    2.79636E-02
      488.92166    9.71868E+04    2.79674E-02
      489.46191    9.70935E+04    2.79808E-02
      490.00215    9.70114E+04    2.79975E-02
      490.54240    9.68571E+04    2.79934E-02
      491.08264    9.65941E+04    2.79578E-02
      491.62289    9.62796E+04    2.79071E-02
      492.16313    9.60667E+04    2.78858E-02
      492.70338    9.60339E+04    2.79168E-02
      493.24362    9.61243E+04    2.79838E-02
      493.78387    9.61730E+04    2.80388E-02
      494.32411    9.60926E+04    2.80562E-02
      494.86435    9.58573E+04    2.80284E-02
      495.40460    9.55311E+04    2.79740E-02
      495.94484    9.52506E+04    2.79327E-02
      496.48509    9.50476E+04    2.79141E-02
      497.02533    9.48779E+04    2.79053E-02
      497.56558    9.47533E+04    2.79097E-02
      498.10582    9.47514E+04    2.79503E-02
      498.64607    9.48482E+04    2.80201E-02
      499.18631    9.49142E+04    2.80811E-02
      499.72656    9.47868E+04    2.80850E-02
      500.26680    9.44338E+04    2.80219E-02
      500.80705    9.39833E+04    2.79297E-02
      501.34729    9.35955E+04    2.78558E-02
      501.88754    9.34183E+04    2.78445E-02
      502.42778    9.35101E+04    2.79135E-02
      502.96803    9.37079E+04    2.80143E-02
      503.50827    9.37729E+04    2.80757E-02
      504.04852    9.35466E+04    2.80500E-02
      504.58876    9.31106E+04    2.79611E-02
      505.12901    9.27255E+04    2.78874E-02
      505.66925    9.25953E+04    2.78901E-02
      506.20950    9.27232E+04    2.79708E-02
      506.74974    9.28700E+04    2.80574E-02
      507.28999    9.28014E+04    2.80791E-02
      507.83023    9.25171E+04    2.80355E-02
      508.37048    9.21760E+04    2.79745E-02
      508.91072    9.19233E+04    2.79402E-02
      509.45097    9.18038E+04    2.79464E-02
      509.99121    9.17568E+04    2.79746E-02
      510.53146    9.17638E+04    2.80195E-02
      511.07170    9.17674E+04    2.80634E-02
      511.61195    9.16803E+04    2.80797E-02
      512.15219    9.15104E+04    2.80707E-02
      512.69244    9.12893E+04    2.80459E-02
      513.23268    9.10758E+04    2.80233E-02
      513.77293    9.08734E+04    2.80041E-02
      514.31317    9.06566E+04    2.79804E-02
      514.85342    9.04749E+04    2.79675E-02
      515.39366    9.04176E+04    2.79931E-02
      515.93391    9.04676E+04    2.80520E-02
      516.47415    9.04802E+04    2.80994E-02
      517.01440    9.03338E+04    2.80976E-02
      517.55464    9.00112E+04    2.80409E-02
      518.09489    8.95966E+04    2.79553E-02
      518.63513    8.92610E+04    2.78940E-02
      519.17538    8.91409E+04    2.79001E-02
      519.71562    8.92162E+04    2.79675E-02
      520.25587    8.93249E+04    2.80455E-02
      520.79611    8.93219E+04    2.80886E-02
      521.33636    8.91573E+04    2.80810E-02
      521.87660    8.88874E+04    2.80402E-02
      522.41685    8.85790E+04    2.79870E-02
      522.95709    8.82979E+04    2.79424E-02
      523.49734    8.81223E+04    2.79310E-02
      524.03758    8.80908E+04    2.79653E-02
      524.57783    8.81627E+04    2.80326E-02
      525.11807    8.82184E+04    2.80950E-02
      525.65832    8.81726E+04    2.81252E-02
      526.19856    8.80196E+04    2.81213E-02
      526.73881    8.77676E+04    2.80856E-02
      527.27905    8.74786E+04    2.80380E-02
      527.81930    8.72260E+04    2.80019E-02
      528.35954    8.70794E+04    2.79998E-02
      528.89979    8.69854E+04    2.80146E-02
      529.44003    8.69064E+04    2.80343E-02
      529.98028    8.68455E+04    2.80599E-02
      530.52052    8.67297E+04    2.80679E-02
      531.06077    8.65051E+04    2.80406E-02
      531.60101    8.62339E+04    2.79980E-02
      532.14126    8.60135E+04    2.79719E-02
      532.68150    8.59041E+04    2.79818E-02
      533.22174    8.58541E+04    2.80111E-02
      533.76199    8.58137E+04    2.80437E-02
      534.30223    8.57716E+04    2.80758E-02
      534.84248    8.56614E+04    2.80857E-02
      535.38272    8.54744E+04    2.80704E-02
      535.92297    8.52735E+04    2.80505E-02
      536.46321    8.50624E+04    2.80272E-02
      537.00346    8.48293E+04    2.79965E-02
      537.54370    8.46750E+04    2.79917E-02
      538.08395    8.46387E+04    2.80261E-02
      538.62419    8.45907E+04    2.80566E-02
      539.16444    8.44167E+04    2.80454E-02
      539.70468    8.41847E+04    2.80149E-02
      540.24493    8.39853E+04    2.79951E-02
      540.78517    8.38574E+04    2.79991E-02
      541.32542    8.37691E+04    2.80164E-02
      541.86566    8.36990E+04    2.80399E-02
      542.40591    8.35715E+04    2.80441E-02
      542.94615    8.33642E+04    2.80216E-02
      543.48640    8.31720E+04    2.80040E-02
      544.02664    8.30623E+04    2.80143E-02
      544.56689    8.30333E+04    2.80518E-02
      545.10713    8.30379E+04    2.81008E-02
      545.64738    8.29198E+04    2.81084E-02
      546.18762    8.26292E+04    2.80575E-02
      546.72787    8.23056E+04    2.79951E-02
      547.26811    8.21129E+04    2.79771E-02
      547.80836    8.20858E+04    2.80156E-02
      548.34860    8.21147E+04    2.80734E-02
      548.88885    8.21173E+04    2.81224E-02
      549.42909    8.20484E+04    2.81469E-02
      549.96934    8.18668E+04    2.81329E-02
      550.50958    8.15349E+04    2.80671E-02
      551.04983    8.11359E+04    2.79779E-02
      551.59007    8.08452E+04    2.79258E-02
      552.13032    8.07511E+04    2.79416E-02
      552.67056    8.07815E+04    2.80005E-02
      553.21081    8.08398E+04    2.80694E-02
      553.75105    8.08904E+04    2.81358E-02
      554.29130    8.09108E+04    2.81919E-02
      554.83154    8.07598E+04    2.81884E-02
      555.37179    8.03671E+04    2.81004E-02
      555.91203    7.98874E+04    2.79816E-02
      556.45228    7.95579E+04    2.79151E-02
      556.99252    7.94741E+04    2.79347E-02
      557.53277    7.96065E+04    2.80305E-02
      558.07301    7.98015E+04    2.81487E-02
      558.61326    7.98574E+04    2.82182E-02
      559.15350    7.96530E+04    2.81957E-02
      559.69375    7.92681E+04    2.81093E-02
      560.23399    7.88854E+04    2.80232E-02
      560.77424    7.86319E+04    2.79829E-02
      561.31448    7.85358E+04    2.79985E-02
      561.85473    7.85626E+04    2.80581E-02
      562.39497    7.85818E+04    2.81151E-02
      562.93522    7.84380E+04    2.81140E-02
      563.47546    7.81494E+04    2.80608E-02
      564.01571    7.78866E+04    2.80168E-02
      564.55595    7.77950E+04    2.80342E-02
      565.09620    7.78158E+04    2.80923E-02
      565.63644    7.77792E+04    2.81299E-02
      566.17669    7.76023E+04    2.81168E-02
      566.71693    7.73316E+04    2.80696E-02
      567.25718    7.70431E+04    2.80157E-02
      567.79742    7.68689E+04    2.80033E-02
      568.33767    7.68712E+04    2.80552E-02
      568.87791    7.69601E+04    2.81390E-02
      569.41816    7.69586E+04    2.81900E-02
      569.95840    7.67752E+04    2.81744E-02
      570.49865    7.64671E+04    2.81129E-02
      571.03889    7.61541E+04    2.80494E-02
      571.57913    7.59366E+04    2.80209E-02
      572.11938    7.58178E+04    2.80287E-02
      572.65962    7.57781E+04    2.80660E-02
      573.19987    7.57922E+04    2.81233E-02
      573.74011    7.57561E+04    2.81621E-02
      574.28036    7.56174E+04    2.81629E-02
      574.82060    7.53723E+04    2.81240E-02
      575.36085    7.50902E+04    2.80711E-02
      575.90109    7.49021E+04    2.80532E-02
      576.44134    7.48354E+04    2.80808E-02
      576.98158    7.47717E+04    2.81096E-02
      577.52183    7.46533E+04    2.81180E-02
      578.06207    7.44747E+04    2.81037E-02
      578.60232    7.42793E+04    2.80829E-02
      579.14256    7.41350E+04    2.80814E-02
      579.68281    7.41025E+04    2.81224E-02
      580.22305    7.41135E+04    2.81801E-02
      580.76330    7.40456E+04    2.82079E-02
      581.30354    7.38679E+04    2.81939E-02
      581.84379    7.35978E+04    2.81445E-02
      582.38403    7.33122E+04    2.80890E-02
      582.92428    7.31459E+04    2.80790E-02
      583.46452    7.31037E+04    2.81168E-02
      584.00477    7.30964E+04    2.81682E-02
      584.54501    7.30100E+04    2.81892E-02
      585.08526    7.27544E+04    2.81448E-02
      585.62550    7.24008E+04    2.80623E-02
      586.16575    7.21179E+04    2.80070E-02
      586.70599    7.19860E+04    2.80101E-02
      587.24624    7.19603E+04    2.80547E-02
      587.78648    7.19868E+04    2.81198E-02
      588.32673    7.20211E+04    2.81883E-02
      588.86697    7.19564E+04    2.82182E-02
      589.40722    7.17195E+04    2.81805E-02
      589.94746    7.14266E+04    2.81207E-02
      590.48771    7.12447E+04    2.81044E-02
      591.02795    7.12204E+04    2.81503E-02
      591.56820    7.12274E+04    2.82089E-02
      592.10844    7.10658E+04    2.82007E-02
      592.64869    7.07310E+04    2.81236E-02
      593.18893    7.04186E+04    2.80552E-02
      593.72918    7.02735E+04    2.80533E-02
      594.26942    7.02876E+04    2.81150E-02
      594.80967    7.03421E+04    2.81932E-02
      595.34991    7.02953E+04    2.82311E-02
      595.89016    7.01020E+04    2.82101E-02
      596.43040    6.98236E+04    2.81547E-02
      596.97065    6.95802E+04    2.81132E-02
      597.51089    6.94340E+04    2.81109E-02
      598.05114    6.93862E+04    2.81486E-02
      598.59138    6.93478E+04    2.81902E-02
      599.13163    6.92325E+04    2.82006E-02
      599.67187    6.90383E+04    2.81789E-02
      600.21212    6.88070E+04    2.81419E-02
      600.75236    6.86264E+04    2.81256E-02
      601.29261    6.85520E+04    2.81528E-02
      601.83285    6.84902E+04    2.81853E-02
      602.37310    6.83781E+04    2.81972E-02
      602.91334    6.82305E+04    2.81944E-02
      603.45359    6.80703E+04    2.81864E-02
      603.99383    6.79275E+04    2.81857E-02
      604.53408    6.78093E+04    2.81951E-02
      605.07432    6.76752E+04    2.81980E-02
      605.61457    6.75196E+04    2.81919E-02
      606.15481    6.73669E+04    2.81870E-02
      606.69506    6.72390E+04    2.81925E-02
      607.23530    6.71556E+04    2.82167E-02
      607.77555    6.70559E+04    2.82341E-02
      608.31579    6.68967E+04    2.82265E-02
      608.85604    6.66903E+04    2.81989E-02
      609.39628    6.64552E+04    2.81590E-02
      609.93652    6.62449E+04    2.81295E-02
      610.47677    6.61297E+04    2.81403E-02
      611.01701    6.61112E+04    2.81924E-02
      611.55726    6.61190E+04    2.82560E-02
      612.09750    6.60556E+04    2.82893E-02
      612.63775    6.58747E+04    2.82724E-02
      613.17799    6.55954E+04    2.82131E-02
      613.71824    6.53079E+04    2.81499E-02
      614.25848    6.51366E+04    2.81368E-02
      614.79873    6.51187E+04    2.81899E-02
      615.33897    6.51782E+04    2.82769E-02
      615.87922    6.52006E+04    2.83481E-02
      616.41946    6.50589E+04    2.83481E-02
      616.95971    6.47616E+04    2.82802E-02
      617.49995    6.44336E+04    2.81985E-02
      618.04020    6.41734E+04    2.81462E-02
      618.58044    6.40355E+04    2.81475E-02
      619.12069    6.39893E+04    2.81891E-02
      619.66093    6.39937E+04    2.82533E-02
      620.20118    6.39971E+04    2.83173E-02
      620.74142    6.38968E+04    2.83356E-02
      621.28167    6.36359E+04    2.82826E-02
      621.82191    6.33037E+04    2.81977E-02
      622.36216    6.30665E+04    2.81547E-02
      622.90240    6.30108E+04    2.81927E-02
      623.44265    6.30177E+04    2.82591E-02
      623.98289    6.29523E+04    2.82932E-02
      624.52314    6.27782E+04    2.82785E-02
      625.06338    6.25488E+04    2.82388E-02
      625.60363    6.23477E+04    2.82116E-02
      626.14387    6.21449E+04    2.81836E-02
      626.68412    6.19457E+04    2.81571E-02
      627.22436    6.17929E+04    2.81517E-02
      627.76461    6.17379E+04    2.81908E-02
      628.30485    6.17650E+04    2.82677E-02
      628.84510    6.17908E+04    2.83444E-02
      629.38534    6.17222E+04    2.83780E-02
      629.92559    6.14902E+04    2.83365E-02
      630.46583    6.11499E+04    2.82448E-02
      631.00608    6.07965E+04    2.81465E-02
      631.54632    6.05615E+04    2.81028E-02
      632.08657    6.05235E+04    2.81505E-02
      632.62681    6.06225E+04    2.82622E-02
      633.16706    6.07098E+04    2.83691E-02
      633.70730    6.06651E+04    2.84146E-02
      634.24755    6.04345E+04    2.83730E-02
      634.78779    6.00653E+04    2.82660E-02
      635.32804    5.96861E+04    2.81538E-02
      635.86828    5.94496E+04    2.81086E-02
      636.40853    5.94110E+04    2.81568E-02
      636.94877    5.94983E+04    2.82652E-02
      637.48902    5.95476E+04    2.83560E-02
      638.02926    5.94510E+04    2.83776E-02
      638.56951    5.92428E+04    2.83458E-02
      639.10975    5.90065E+04    2.83005E-02
      639.65000    5.87933E+04    2.82660E-02
      640.19024    5.86542E+04    2.82671E-02
      640.73049    5.86006E+04    2.83094E-02
      641.27073    5.85677E+04    2.83621E-02
      641.81098    5.84467E+04    2.83722E-02
      642.35122    5.82167E+04    2.83293E-02
      642.89147    5.79424E+04    2.82646E-02
      643.43171    5.76962E+04    2.82133E-02
      643.97196    5.75466E+04    2.82091E-02
      644.51220    5.75032E+04    2.82571E-02
      645.05245    5.75190E+04    2.83345E-02
      645.59269    5.74786E+04    2.83845E-02
      646.13294    5.73347E+04    2.83835E-02
      646.67318    5.71162E+04    2.83455E-02
      647.21342    5.68868E+04    2.83019E-02
      647.75367    5.66918E+04    2.82752E-02
      648.29391    5.65794E+04    2.82897E-02
