BEHD @ YYE. Sim. done on 2023-10-27   17h28
### Sim. w/ κ =    0.600 ; and ∆_0 =  2.00; T =    2.98E+05
 ## r =  1.00E-06 ; rhosty =  1.05E+03 ; rhosol =  1.00E+03
 ## k =  2.00 ; ∆_eq =  2.00 ; num_particle =    1000
Time         sumz         <∆z^2>
        0.10805    3.84761E+03    4.81011E-04
        0.21610    1.45636E+04    1.82090E-03
        0.32415    3.11742E+04    3.89824E-03
        0.43220    5.26042E+04    6.57881E-03
        0.54024    7.77207E+04    9.72116E-03
        0.64829    1.05375E+05    1.31817E-02
        0.75634    1.34438E+05    1.68195E-02
        0.86439    1.63837E+05    2.05001E-02
        0.97244    1.92577E+05    2.40992E-02
        1.08049    2.19771E+05    2.75058E-02
        1.18854    2.44656E+05    3.06241E-02
        1.29659    2.66606E+05    3.33759E-02
        1.40464    2.85144E+05    3.57010E-02
        1.51269    2.99941E+05    3.75583E-02
        1.62073    3.10824E+05    3.89260E-02
        1.72878    3.17766E+05    3.98004E-02
        1.83683    3.20875E+05    4.01948E-02
        1.94488    3.20375E+05    4.01372E-02
        2.05293    3.16584E+05    3.96673E-02
        2.16098    3.09897E+05    3.88343E-02
        2.26903    3.00769E+05    3.76951E-02
        2.37708    2.89696E+05    3.63119E-02
        2.48513    2.77199E+05    3.47498E-02
        2.59318    2.63803E+05    3.30746E-02
        2.70122    2.50018E+05    3.13503E-02
        3.24147    1.90562E+05    2.39099E-02
        3.78171    1.70052E+05    2.13500E-02
        4.32196    1.87876E+05    2.36025E-02
        4.86220    2.18685E+05    2.74902E-02
        5.40245    2.37835E+05    2.99164E-02
        5.94269    2.37050E+05    2.98364E-02
        6.48294    2.23795E+05    2.81858E-02
        7.02318    2.10911E+05    2.65798E-02
        7.56343    2.06455E+05    2.60347E-02
        8.10367    2.10234E+05    2.65279E-02
        8.64392    2.16835E+05    2.73781E-02
        9.18416    2.20985E+05    2.79197E-02
        9.72441    2.20797E+05    2.79136E-02
       10.26465    2.17826E+05    2.75555E-02
       10.80490    2.14938E+05    2.72074E-02
       11.34514    2.13871E+05    2.70894E-02
       11.88539    2.14524E+05    2.71894E-02
       12.42563    2.15794E+05    2.73676E-02
       12.96588    2.16620E+05    2.74899E-02
       13.50612    2.16583E+05    2.75026E-02
       14.04637    2.15878E+05    2.74304E-02
       14.58661    2.15003E+05    2.73367E-02
       15.12686    2.14480E+05    2.72876E-02
       15.66710    2.14482E+05    2.73052E-02
       16.20735    2.14716E+05    2.73524E-02
       16.74759    2.14737E+05    2.73725E-02
       17.28784    2.14416E+05    2.73490E-02
       17.82808    2.14057E+05    2.73206E-02
       18.36833    2.14013E+05    2.73325E-02
       18.90857    2.14145E+05    2.73667E-02
       19.44882    2.14088E+05    2.73770E-02
       19.98906    2.13807E+05    2.73585E-02
       20.52931    2.13473E+05    2.73333E-02
       21.06955    2.13236E+05    2.73204E-02
       21.60980    2.13095E+05    2.73198E-02
       22.15004    2.13042E+05    2.73306E-02
       22.69029    2.13060E+05    2.73504E-02
       23.23053    2.13118E+05    2.73754E-02
       23.77078    2.13173E+05    2.74001E-02
       24.31102    2.13102E+05    2.74087E-02
       24.85127    2.12812E+05    2.73890E-02
       25.39151    2.12363E+05    2.73487E-02
       25.93176    2.11921E+05    2.73094E-02
       26.47200    2.11696E+05    2.72981E-02
       27.01225    2.11827E+05    2.73326E-02
       27.55249    2.12151E+05    2.73920E-02
       28.09274    2.12316E+05    2.74310E-02
       28.63298    2.12164E+05    2.74291E-02
       29.17323    2.11630E+05    2.73778E-02
       29.71347    2.10947E+05    2.73070E-02
       30.25372    2.10609E+05    2.72810E-02
       30.79396    2.10742E+05    2.73158E-02
       31.33421    2.11116E+05    2.73821E-02
       31.87445    2.11365E+05    2.74322E-02
       32.41470    2.11301E+05    2.74416E-02
       32.95494    2.11028E+05    2.74240E-02
       33.49519    2.10659E+05    2.73939E-02
       34.03543    2.10312E+05    2.73665E-02
       34.57568    2.10045E+05    2.73497E-02
       35.11592    2.09840E+05    2.73407E-02
       35.65617    2.09730E+05    2.73442E-02
       36.19641    2.09726E+05    2.73615E-02
       36.73666    2.09774E+05    2.73857E-02
       37.27690    2.09842E+05    2.74124E-02
       37.81715    2.09770E+05    2.74209E-02
       38.35739    2.09451E+05    2.73972E-02
       38.89763    2.09092E+05    2.73681E-02
       39.43788    2.08945E+05    2.73668E-02
       39.97812    2.09001E+05    2.73921E-02
       40.51837    2.09101E+05    2.74231E-02
       41.05861    2.08975E+05    2.74246E-02
       41.59886    2.08447E+05    2.73731E-02
       42.13910    2.07861E+05    2.73142E-02
       42.67935    2.07678E+05    2.73080E-02
       43.21959    2.07858E+05    2.73497E-02
       43.75984    2.08028E+05    2.73901E-02
       44.30008    2.07897E+05    2.73910E-02
       44.84033    2.07497E+05    2.73562E-02
       45.38057    2.07177E+05    2.73321E-02
       45.92082    2.07221E+05    2.73558E-02
       46.46106    2.07415E+05    2.73997E-02
       47.00131    2.07368E+05    2.74115E-02
       47.54155    2.07031E+05    2.73850E-02
       48.08180    2.06648E+05    2.73525E-02
       48.62204    2.06452E+05    2.73446E-02
       49.16229    2.06446E+05    2.73619E-02
       49.70253    2.06451E+05    2.73808E-02
       50.24278    2.06329E+05    2.73827E-02
       50.78302    2.06048E+05    2.73636E-02
       51.32327    2.05712E+05    2.73372E-02
       51.86351    2.05512E+05    2.73287E-02
       52.40376    2.05578E+05    2.73557E-02
       52.94400    2.05707E+05    2.73911E-02
       53.48425    2.05660E+05    2.74031E-02
       54.02449    2.05500E+05    2.73999E-02
       54.56474    2.05299E+05    2.73914E-02
       55.10498    2.05115E+05    2.73852E-02
       55.64523    2.04951E+05    2.73815E-02
       56.18547    2.04681E+05    2.73637E-02
       56.72572    2.04324E+05    2.73343E-02
       57.26596    2.04061E+05    2.73174E-02
       57.80621    2.04053E+05    2.73346E-02
       58.34645    2.04183E+05    2.73704E-02
       58.88670    2.04202E+05    2.73913E-02
       59.42694    2.04037E+05    2.73875E-02
       59.96719    2.03756E+05    2.73681E-02
       60.50743    2.03462E+05    2.73470E-02
       61.04768    2.03259E+05    2.73382E-02
       61.58792    2.03220E+05    2.73513E-02
       62.12817    2.03265E+05    2.73757E-02
       62.66841    2.03273E+05    2.73953E-02
       63.20866    2.03200E+05    2.74040E-02
       63.74890    2.02985E+05    2.73934E-02
       64.28915    2.02614E+05    2.73618E-02
       64.82939    2.02257E+05    2.73320E-02
       65.36964    2.02250E+05    2.73495E-02
       65.90988    2.02594E+05    2.74146E-02
       66.45013    2.02825E+05    2.74644E-02
       66.99037    2.02505E+05    2.74398E-02
       67.53062    2.01690E+05    2.73478E-02
       68.07086    2.00979E+05    2.72698E-02
       68.61111    2.00915E+05    2.72796E-02
       69.15135    2.01329E+05    2.73544E-02
       69.69160    2.01667E+05    2.74190E-02
       70.23184    2.01602E+05    2.74288E-02
       70.77209    2.01244E+05    2.73987E-02
       71.31233    2.00863E+05    2.73655E-02
       71.85258    2.00676E+05    2.73587E-02
       72.39282    2.00655E+05    2.73745E-02
       72.93307    2.00661E+05    2.73940E-02
       73.47331    2.00595E+05    2.74037E-02
       74.01356    2.00360E+05    2.73903E-02
       74.55380    1.99969E+05    2.73555E-02
       75.09405    1.99577E+05    2.73205E-02
       75.63429    1.99435E+05    2.73199E-02
       76.17453    1.99677E+05    2.73718E-02
       76.71478    2.00115E+05    2.74506E-02
       77.25502    2.00282E+05    2.74924E-02
       77.79527    1.99879E+05    2.74559E-02
       78.33551    1.99156E+05    2.73754E-02
       78.87576    1.98614E+05    2.73196E-02
       79.41600    1.98490E+05    2.73214E-02
       79.95625    1.98622E+05    2.73584E-02
       80.49649    1.98735E+05    2.73928E-02
       81.03674    1.98661E+05    2.74015E-02
       81.57698    1.98458E+05    2.73924E-02
       82.11723    1.98268E+05    2.73851E-02
       82.65747    1.98139E+05    2.73862E-02
       83.19772    1.98040E+05    2.73914E-02
       83.73796    1.97954E+05    2.73984E-02
       84.27821    1.97846E+05    2.74025E-02
       84.81845    1.97700E+05    2.74012E-02
       85.35870    1.97524E+05    2.73958E-02
       85.89894    1.97307E+05    2.73847E-02
       86.43919    1.97079E+05    2.73721E-02
       86.97943    1.96905E+05    2.73669E-02
       87.51968    1.96814E+05    2.73733E-02
       88.05992    1.96864E+05    2.73993E-02
       88.60017    1.96982E+05    2.74349E-02
       89.14041    1.96964E+05    2.74515E-02
       89.68066    1.96710E+05    2.74351E-02
       90.22090    1.96354E+05    2.74046E-02
       90.76115    1.96115E+05    2.73903E-02
       91.30139    1.96007E+05    2.73944E-02
       91.84164    1.95909E+05    2.73999E-02
       92.38188    1.95791E+05    2.74025E-02
       92.92213    1.95662E+05    2.74037E-02
       93.46237    1.95509E+05    2.74015E-02
       94.00262    1.95429E+05    2.74094E-02
       94.54286    1.95385E+05    2.74225E-02
       95.08311    1.95188E+05    2.74140E-02
       95.62335    1.94815E+05    2.73809E-02
       96.16360    1.94491E+05    2.73546E-02
       96.70384    1.94384E+05    2.73588E-02
       97.24409    1.94471E+05    2.73903E-02
       97.78433    1.94572E+05    2.74238E-02
       98.32458    1.94516E+05    2.74353E-02
       98.86482    1.94335E+05    2.74291E-02
       99.40507    1.94068E+05    2.74107E-02
       99.94531    1.93764E+05    2.73872E-02
      100.48556    1.93563E+05    2.73780E-02
      101.02580    1.93479E+05    2.73856E-02
      101.56605    1.93394E+05    2.73930E-02
      102.10629    1.93280E+05    2.73961E-02
      102.64654    1.93250E+05    2.74113E-02
      103.18678    1.93295E+05    2.74372E-02
      103.72703    1.93225E+05    2.74467E-02
      104.26727    1.92952E+05    2.74274E-02
      104.80752    1.92579E+05    2.73939E-02
      105.34776    1.92272E+05    2.73696E-02
      105.88801    1.92057E+05    2.73585E-02
      106.42825    1.91938E+05    2.73611E-02
      106.96850    1.91969E+05    2.73851E-02
      107.50874    1.92039E+05    2.74146E-02
      108.04899    1.91989E+05    2.74269E-02
      108.58923    1.91876E+05    2.74304E-02
      109.12948    1.91786E+05    2.74373E-02
      109.66972    1.91633E+05    2.74349E-02
      110.20997    1.91359E+05    2.74153E-02
      110.75021    1.91031E+05    2.73880E-02
      111.29046    1.90881E+05    2.73861E-02
      111.83070    1.91077E+05    2.74339E-02
      112.37095    1.91309E+05    2.74870E-02
      112.91119    1.91036E+05    2.74674E-02
      113.45144    1.90316E+05    2.73836E-02
      113.99168    1.89723E+05    2.73179E-02
      114.53192    1.89681E+05    2.73316E-02
      115.07217    1.90075E+05    2.74081E-02
      115.61241    1.90335E+05    2.74654E-02
      116.15266    1.90258E+05    2.74741E-02
      116.69290    1.89938E+05    2.74477E-02
      117.23315    1.89488E+05    2.74025E-02
      117.77339    1.89112E+05    2.73678E-02
      118.31364    1.88966E+05    2.73665E-02
      118.85388    1.89056E+05    2.73994E-02
      119.39413    1.89182E+05    2.74375E-02
      119.93437    1.89100E+05    2.74455E-02
      120.47462    1.88762E+05    2.74164E-02
      121.01486    1.88448E+05    2.73907E-02
      121.55511    1.88351E+05    2.73965E-02
      122.09535    1.88423E+05    2.74269E-02
      122.63560    1.88483E+05    2.74556E-02
      123.17584    1.88356E+05    2.74571E-02
      123.71609    1.87965E+05    2.74201E-02
      124.25633    1.87512E+05    2.73741E-02
      124.79658    1.87219E+05    2.73512E-02
      125.33682    1.87177E+05    2.73650E-02
      125.87707    1.87306E+05    2.74039E-02
      126.41731    1.87383E+05    2.74353E-02
      126.95756    1.87313E+05    2.74451E-02
      127.49780    1.87062E+05    2.74285E-02
      128.03805    1.86741E+05    2.74014E-02
      128.57829    1.86545E+05    2.73929E-02
      129.11854    1.86541E+05    2.74124E-02
      129.65878    1.86553E+05    2.74342E-02
      130.19903    1.86461E+05    2.74409E-02
      130.73927    1.86259E+05    2.74314E-02
      131.27952    1.86016E+05    2.74157E-02
      131.81976    1.85742E+05    2.73955E-02
      132.36001    1.85509E+05    2.73814E-02
      132.90025    1.85433E+05    2.73904E-02
      133.44050    1.85487E+05    2.74186E-02
      133.98074    1.85533E+05    2.74457E-02
      134.52099    1.85389E+05    2.74447E-02
      135.06123    1.85065E+05    2.74170E-02
      135.60148    1.84752E+05    2.73909E-02
      136.14172    1.84631E+05    2.73934E-02
      136.68197    1.84614E+05    2.74111E-02
      137.22221    1.84522E+05    2.74178E-02
      137.76246    1.84288E+05    2.74034E-02
      138.30270    1.83982E+05    2.73783E-02
      138.84295    1.83823E+05    2.73750E-02
      139.38319    1.83828E+05    2.73962E-02
      139.92344    1.83811E+05    2.74141E-02
      140.46368    1.83648E+05    2.74101E-02
      141.00393    1.83425E+05    2.73973E-02
      141.54417    1.83295E+05    2.73983E-02
      142.08442    1.83226E+05    2.74086E-02
      142.62466    1.83086E+05    2.74080E-02
      143.16491    1.82851E+05    2.73934E-02
      143.70515    1.82692E+05    2.73901E-02
      144.24540    1.82709E+05    2.74132E-02
      144.78564    1.82789E+05    2.74458E-02
      145.32589    1.82742E+05    2.74594E-02
      145.86613    1.82480E+05    2.74405E-02
      146.40638    1.82092E+05    2.74029E-02
      146.94662    1.81784E+05    2.73772E-02
      147.48687    1.81728E+05    2.73893E-02
      148.02711    1.81882E+05    2.74332E-02
      148.56736    1.81989E+05    2.74700E-02
      149.10760    1.81907E+05    2.74784E-02
      149.64785    1.81654E+05    2.74610E-02
      150.18809    1.81277E+05    2.74246E-02
      150.72834    1.80867E+05    2.73834E-02
      151.26858    1.80646E+05    2.73706E-02
      151.80883    1.80708E+05    2.74008E-02
      152.34907    1.80874E+05    2.74468E-02
      152.88931    1.80916E+05    2.74739E-02
      153.42956    1.80756E+05    2.74705E-02
      153.96980    1.80410E+05    2.74387E-02
      154.51005    1.80112E+05    2.74143E-02
      155.05029    1.80038E+05    2.74239E-02
      155.59054    1.80068E+05    2.74494E-02
      156.13078    1.80043E+05    2.74664E-02
      156.67103    1.79859E+05    2.74593E-02
      157.21127    1.79599E+05    2.74406E-02
      157.75152    1.79379E+05    2.74279E-02
      158.29176    1.79233E+05    2.74267E-02
      158.83201    1.79084E+05    2.74248E-02
      159.37225    1.78771E+05    2.73979E-02
      159.91250    1.78423E+05    2.73654E-02
      160.45274    1.78233E+05    2.73573E-02
      160.99299    1.78222E+05    2.73767E-02
      161.53323    1.78393E+05    2.74240E-02
      162.07348    1.78626E+05    2.74809E-02
      162.61372    1.78630E+05    2.75027E-02
      163.15397    1.78381E+05    2.74855E-02
      163.69421    1.77949E+05    2.74400E-02
      164.23446    1.77479E+05    2.73887E-02
      164.77470    1.77188E+05    2.73650E-02
      165.31495    1.77174E+05    2.73839E-02
      165.85519    1.77330E+05    2.74292E-02
      166.39544    1.77385E+05    2.74589E-02
      166.93568    1.77183E+05    2.74490E-02
      167.47593    1.76901E+05    2.74265E-02
      168.01617    1.76809E+05    2.74335E-02
      168.55642    1.76856E+05    2.74622E-02
      169.09666    1.76819E+05    2.74776E-02
      169.63691    1.76616E+05    2.74675E-02
      170.17715    1.76301E+05    2.74398E-02
      170.71740    1.75933E+05    2.74039E-02
      171.25764    1.75725E+05    2.73929E-02
      171.79789    1.75684E+05    2.74077E-02
      172.33813    1.75568E+05    2.74111E-02
      172.87838    1.75327E+05    2.73948E-02
      173.41862    1.75155E+05    2.73893E-02
      173.95887    1.75203E+05    2.74183E-02
      174.49911    1.75362E+05    2.74647E-02
      175.03936    1.75378E+05    2.74887E-02
      175.57960    1.75115E+05    2.74690E-02
      176.11985    1.74634E+05    2.74151E-02
      176.66009    1.74175E+05    2.73645E-02
      177.20034    1.74024E+05    2.73623E-02
      177.74058    1.74177E+05    2.74079E-02
      178.28083    1.74414E+05    2.74667E-02
      178.82107    1.74531E+05    2.75069E-02
      179.36132    1.74411E+05    2.75096E-02
      179.90156    1.74010E+05    2.74680E-02
      180.44181    1.73507E+05    2.74103E-02
      180.98205    1.73155E+05    2.73763E-02
      181.52230    1.73153E+05    2.73976E-02
      182.06254    1.73420E+05    2.74616E-02
      182.60279    1.73544E+05    2.75029E-02
      183.14303    1.73260E+05    2.74797E-02
      183.68328    1.72773E+05    2.74243E-02
      184.22352    1.72426E+05    2.73910E-02
      184.76377    1.72350E+05    2.74006E-02
      185.30401    1.72374E+05    2.74263E-02
      185.84426    1.72281E+05    2.74333E-02
      186.38450    1.72082E+05    2.74235E-02
      186.92475    1.71877E+05    2.74126E-02
      187.46499    1.71769E+05    2.74172E-02
      188.00524    1.71757E+05    2.74373E-02
      188.54548    1.71740E+05    2.74565E-02
      189.08573    1.71674E+05    2.74679E-02
      189.62597    1.71497E+05    2.74615E-02
      190.16622    1.71234E+05    2.74413E-02
      190.70646    1.70968E+05    2.74207E-02
      191.24670    1.70798E+05    2.74153E-02
      191.78695    1.70703E+05    2.74221E-02
      192.32719    1.70523E+05    2.74153E-02
      192.86744    1.70358E+05    2.74108E-02
      193.40768    1.70310E+05    2.74251E-02
      193.94793    1.70318E+05    2.74485E-02
      194.48817    1.70298E+05    2.74675E-02
      195.02842    1.70190E+05    2.74722E-02
      195.56866    1.70002E+05    2.74640E-02
      196.10891    1.69786E+05    2.74513E-02
      196.64915    1.69511E+05    2.74289E-02
      197.18940    1.69143E+05    2.73915E-02
      197.72964    1.68831E+05    2.73633E-02
      198.26989    1.68784E+05    2.73778E-02
      198.81013    1.68978E+05    2.74315E-02
      199.35038    1.69100E+05    2.74736E-02
      199.89062    1.68993E+05    2.74786E-02
      200.43087    1.68741E+05    2.74600E-02
      200.97111    1.68495E+05    2.74421E-02
      201.51136    1.68277E+05    2.74291E-02
      202.05160    1.68065E+05    2.74168E-02
      202.59185    1.67868E+05    2.74071E-02
      203.13209    1.67724E+05    2.74058E-02
      203.67234    1.67671E+05    2.74197E-02
      204.21258    1.67784E+05    2.74605E-02
      204.75283    1.67936E+05    2.75080E-02
      205.29307    1.67903E+05    2.75251E-02
      205.83332    1.67577E+05    2.74942E-02
      206.37356    1.67099E+05    2.74382E-02
      206.91381    1.66746E+05    2.74029E-02
      207.45405    1.66681E+05    2.74146E-02
      207.99430    1.66797E+05    2.74563E-02
      208.53454    1.66844E+05    2.74866E-02
      209.07479    1.66684E+05    2.74829E-02
      209.61503    1.66369E+05    2.74536E-02
      210.15528    1.66033E+05    2.74208E-02
      210.69552    1.65864E+05    2.74156E-02
      211.23577    1.65869E+05    2.74390E-02
      211.77601    1.65877E+05    2.74631E-02
      212.31626    1.65735E+05    2.74622E-02
      212.85650    1.65485E+05    2.74436E-02
      213.39675    1.65330E+05    2.74407E-02
      213.93699    1.65298E+05    2.74581E-02
      214.47724    1.65298E+05    2.74809E-02
      215.01748    1.65238E+05    2.74939E-02
      215.55773    1.65067E+05    2.74883E-02
      216.09797    1.64866E+05    2.74777E-02
      216.63822    1.64630E+05    2.74613E-02
      217.17846    1.64267E+05    2.74235E-02
      217.71871    1.63854E+05    2.73774E-02
      218.25895    1.63646E+05    2.73655E-02
      218.79920    1.63800E+05    2.74142E-02
      219.33944    1.64047E+05    2.74786E-02
      219.87969    1.64077E+05    2.75066E-02
      220.41993    1.63832E+05    2.74886E-02
      220.96018    1.63480E+05    2.74526E-02
      221.50042    1.63238E+05    2.74350E-02
      222.04067    1.63175E+05    2.74474E-02
      222.58091    1.63162E+05    2.74683E-02
      223.12116    1.63033E+05    2.74698E-02
      223.66140    1.62812E+05    2.74557E-02
      224.20165    1.62595E+05    2.74423E-02
      224.74189    1.62440E+05    2.74392E-02
      225.28214    1.62326E+05    2.74432E-02
      225.82238    1.62207E+05    2.74461E-02
      226.36263    1.62007E+05    2.74356E-02
      226.90287    1.61779E+05    2.74201E-02
      227.44312    1.61693E+05    2.74289E-02
      227.98336    1.61729E+05    2.74583E-02
      228.52360    1.61678E+05    2.74729E-02
      229.06385    1.61432E+05    2.74543E-02
      229.60409    1.61146E+05    2.74290E-02
      230.14434    1.61026E+05    2.74320E-02
      230.68458    1.61130E+05    2.74731E-02
      231.22483    1.61270E+05    2.75205E-02
      231.76507    1.61143E+05    2.75223E-02
      232.30532    1.60729E+05    2.74751E-02
      232.84556    1.60319E+05    2.74283E-02
      233.38581    1.60047E+05    2.74053E-02
      233.92605    1.59859E+05    2.73967E-02
      234.46630    1.59718E+05    2.73959E-02
      235.00654    1.59640E+05    2.74059E-02
      235.54679    1.59649E+05    2.74311E-02
      236.08703    1.59712E+05    2.74655E-02
      236.62728    1.59790E+05    2.75026E-02
      237.16752    1.59694E+05    2.75097E-02
      237.70777    1.59340E+05    2.74724E-02
      238.24801    1.59005E+05    2.74383E-02
      238.78826    1.58879E+05    2.74402E-02
      239.32850    1.58904E+05    2.74683E-02
      239.86875    1.58899E+05    2.74911E-02
      240.40899    1.58720E+05    2.74840E-02
      240.94924    1.58493E+05    2.74684E-02
      241.48948    1.58341E+05    2.74660E-02
      242.02973    1.58229E+05    2.74704E-02
      242.56997    1.58096E+05    2.74711E-02
      243.11022    1.57940E+05    2.74679E-02
      243.65046    1.57723E+05    2.74539E-02
      244.19071    1.57441E+05    2.74288E-02
      244.73095    1.57154E+05    2.74026E-02
      245.27120    1.56987E+05    2.73973E-02
      245.81144    1.57066E+05    2.74351E-02
      246.35169    1.57227E+05    2.74872E-02
      246.89193    1.57206E+05    2.75077E-02
      247.43218    1.56872E+05    2.74732E-02
      247.97242    1.56400E+05    2.74145E-02
      248.51267    1.56104E+05    2.73866E-02
      249.05291    1.56161E+05    2.74206E-02
      249.59316    1.56427E+05    2.74916E-02
      250.13340    1.56566E+05    2.75402E-02
      250.67365    1.56346E+05    2.75258E-02
      251.21389    1.55799E+05    2.74536E-02
      251.75414    1.55205E+05    2.73730E-02
      252.29438    1.54955E+05    2.73530E-02
      252.83463    1.55067E+05    2.73969E-02
      253.37487    1.55311E+05    2.74643E-02
      253.91512    1.55432E+05    2.75100E-02
      254.45536    1.55286E+05    2.75086E-02
      254.99561    1.54988E+05    2.74802E-02
      255.53585    1.54736E+05    2.74598E-02
      256.07610    1.54565E+05    2.74539E-02
      256.61634    1.54404E+05    2.74496E-02
      257.15659    1.54238E+05    2.74445E-02
      257.69683    1.54126E+05    2.74489E-02
      258.23708    1.54044E+05    2.74588E-02
      258.77732    1.53947E+05    2.74660E-02
      259.31757    1.53819E+05    2.74676E-02
      259.85781    1.53666E+05    2.74648E-02
      260.39806    1.53430E+05    2.74472E-02
      260.93830    1.53120E+05    2.74164E-02
      261.47855    1.52862E+05    2.73946E-02
      262.01879    1.52735E+05    2.73963E-02
      262.55904    1.52770E+05    2.74273E-02
      263.09928    1.52878E+05    2.74713E-02
      263.63953    1.52937E+05    2.75067E-02
      264.17977    1.52825E+05    2.75112E-02
      264.72002    1.52481E+05    2.74740E-02
      265.26026    1.52086E+05    2.74275E-02
      265.80051    1.51945E+05    2.74269E-02
      266.34075    1.52030E+05    2.74670E-02
      266.88099    1.52079E+05    2.75008E-02
      267.42124    1.51886E+05    2.74906E-02
      267.96148    1.51492E+05    2.74441E-02
      268.50173    1.51078E+05    2.73941E-02
      269.04197    1.50848E+05    2.73771E-02
      269.58222    1.50867E+05    2.74055E-02
      270.12246    1.50975E+05    2.74501E-02
      270.66271    1.50979E+05    2.74757E-02
      271.20295    1.50895E+05    2.74855E-02
      271.74320    1.50747E+05    2.74836E-02
      272.28344    1.50574E+05    2.74770E-02
      272.82369    1.50400E+05    2.74703E-02
      273.36393    1.50238E+05    2.74659E-02
      273.90418    1.50082E+05    2.74623E-02
      274.44442    1.49883E+05    2.74511E-02
      274.98467    1.49617E+05    2.74276E-02
      275.52491    1.49414E+05    2.74154E-02
      276.06516    1.49359E+05    2.74305E-02
      276.60540    1.49407E+05    2.74645E-02
      277.14565    1.49514E+05    2.75095E-02
      277.68589    1.49528E+05    2.75373E-02
      278.22614    1.49306E+05    2.75218E-02
      278.76638    1.48876E+05    2.74679E-02
      279.30663    1.48422E+05    2.74095E-02
      279.84687    1.48130E+05    2.73808E-02
      280.38712    1.48054E+05    2.73921E-02
      280.92736    1.48235E+05    2.74509E-02
      281.46761    1.48468E+05    2.75196E-02
      282.00785    1.48501E+05    2.75512E-02
      282.54810    1.48219E+05    2.75245E-02
      283.08834    1.47704E+05    2.74542E-02
      283.62859    1.47260E+05    2.73973E-02
      284.16883    1.47137E+05    2.73998E-02
      284.70908    1.47325E+05    2.74604E-02
      285.24932    1.47521E+05    2.75226E-02
      285.78957    1.47433E+05    2.75318E-02
      286.32981    1.47029E+05    2.74821E-02
      286.87006    1.46550E+05    2.74181E-02
      287.41030    1.46214E+05    2.73810E-02
      287.95055    1.46188E+05    2.74018E-02
      288.49079    1.46426E+05    2.74721E-02
      289.03104    1.46678E+05    2.75451E-02
      289.57128    1.46685E+05    2.75724E-02
      290.11153    1.46407E+05    2.75460E-02
      290.65177    1.45943E+05    2.74845E-02
      291.19202    1.45480E+05    2.74231E-02
      291.73226    1.45174E+05    2.73913E-02
      292.27251    1.45052E+05    2.73941E-02
      292.81275    1.45044E+05    2.74186E-02
      293.35300    1.45066E+05    2.74487E-02
      293.89324    1.44977E+05    2.74578E-02
      294.43349    1.44801E+05    2.74505E-02
      294.97373    1.44735E+05    2.74639E-02
      295.51398    1.44830E+05    2.75081E-02
      296.05422    1.44934E+05    2.75541E-02
      296.59447    1.44812E+05    2.75570E-02
      297.13471    1.44327E+05    2.74909E-02
      297.67496    1.43756E+05    2.74081E-02
      298.21520    1.43469E+05    2.73796E-02
      298.75545    1.43559E+05    2.74230E-02
      299.29569    1.43777E+05    2.74908E-02
      299.83594    1.43770E+05    2.75158E-02
      300.37618    1.43535E+05    2.74970E-02
      300.91643    1.43314E+05    2.74811E-02
      301.45667    1.43228E+05    2.74910E-02
      301.99692    1.43168E+05    2.75060E-02
      302.53716    1.42929E+05    2.74864E-02
      303.07741    1.42568E+05    2.74433E-02
      303.61765    1.42335E+05    2.74250E-02
      304.15790    1.42384E+05    2.74608E-02
      304.69814    1.42536E+05    2.75166E-02
      305.23838    1.42494E+05    2.75350E-02
      305.77863    1.42164E+05    2.74979E-02
      306.31887    1.41677E+05    2.74302E-02
      306.85912    1.41383E+05    2.73999E-02
      307.39936    1.41418E+05    2.74332E-02
      307.93961    1.41625E+05    2.75001E-02
      308.47985    1.41689E+05    2.75391E-02
      309.02010    1.41424E+05    2.75143E-02
      309.56034    1.40965E+05    2.74517E-02
      310.10059    1.40667E+05    2.74204E-02
      310.64083    1.40687E+05    2.74511E-02
      311.18108    1.40900E+05    2.75195E-02
      311.72132    1.41042E+05    2.75742E-02
      312.26157    1.40904E+05    2.75742E-02
      312.80181    1.40497E+05    2.75215E-02
      313.34206    1.40031E+05    2.74570E-02
      313.88230    1.39678E+05    2.74146E-02
      314.42255    1.39546E+05    2.74158E-02
      314.96279    1.39590E+05    2.74513E-02
      315.50304    1.39709E+05    2.75017E-02
      316.04328    1.39729E+05    2.75329E-02
      316.58353    1.39513E+05    2.75173E-02
      317.12377    1.39092E+05    2.74614E-02
      317.66402    1.38726E+05    2.74162E-02
      318.20426    1.38651E+05    2.74286E-02
      318.74451    1.38785E+05    2.74822E-02
      319.28475    1.38894E+05    2.75310E-02
      319.82500    1.38845E+05    2.75486E-02
      320.36524    1.38581E+05    2.75235E-02
      320.90549    1.38225E+05    2.74800E-02
      321.44573    1.37939E+05    2.74505E-02
      321.98598    1.37769E+05    2.74439E-02
      322.52622    1.37731E+05    2.74638E-02
      323.06647    1.37716E+05    2.74883E-02
      323.60671    1.37588E+05    2.74900E-02
      324.14696    1.37420E+05    2.74839E-02
      324.68720    1.37372E+05    2.75020E-02
      325.22745    1.37415E+05    2.75380E-02
      325.76769    1.37386E+05    2.75599E-02
      326.30794    1.37121E+05    2.75343E-02
      326.84818    1.36692E+05    2.74757E-02
      327.38843    1.36315E+05    2.74276E-02
      327.92867    1.36148E+05    2.74216E-02
      328.46892    1.36170E+05    2.74536E-02
      329.00916    1.36344E+05    2.75164E-02
      329.54941    1.36475E+05    2.75707E-02
      330.08965    1.36372E+05    2.75777E-02
      330.62990    1.36028E+05    2.75361E-02
      331.17014    1.35613E+05    2.74798E-02
      331.71039    1.35333E+05    2.74509E-02
      332.25063    1.35270E+05    2.74660E-02
      332.79088    1.35345E+05    2.75092E-02
      333.33112    1.35407E+05    2.75496E-02
      333.87137    1.35313E+05    2.75587E-02
      334.41161    1.34973E+05    2.75175E-02
      334.95186    1.34378E+05    2.74240E-02
      335.49210    1.33897E+05    2.73539E-02
      336.03235    1.33894E+05    2.73812E-02
      336.57259    1.34289E+05    2.74901E-02
      337.11284    1.34674E+05    2.75971E-02
      337.65308    1.34724E+05    2.76356E-02
      338.19333    1.34363E+05    2.75899E-02
      338.73357    1.33839E+05    2.75107E-02
      339.27382    1.33489E+05    2.74668E-02
      339.81406    1.33373E+05    2.74712E-02
      340.35431    1.33348E+05    2.74945E-02
      340.89455    1.33346E+05    2.75224E-02
      341.43480    1.33291E+05    2.75395E-02
      341.97504    1.33098E+05    2.75279E-02
      342.51528    1.32818E+05    2.74985E-02
      343.05553    1.32575E+05    2.74766E-02
      343.59577    1.32458E+05    2.74809E-02
      344.13602    1.32430E+05    2.75037E-02
      344.67626    1.32405E+05    2.75271E-02
      345.21651    1.32351E+05    2.75443E-02
      345.75675    1.32215E+05    2.75447E-02
      346.29700    1.32005E+05    2.75297E-02
      346.83724    1.31652E+05    2.74847E-02
      347.37749    1.31285E+05    2.74367E-02
      347.91773    1.31149E+05    2.74371E-02
      348.45798    1.31337E+05    2.75051E-02
      348.99822    1.31669E+05    2.76036E-02
      349.53847    1.31714E+05    2.76420E-02
      350.07871    1.31240E+05    2.75714E-02
      350.61896    1.30554E+05    2.74561E-02
      351.15920    1.30106E+05    2.73907E-02
      351.69945    1.30086E+05    2.74155E-02
      352.23969    1.30348E+05    2.74996E-02
      352.77994    1.30591E+05    2.75800E-02
      353.32018    1.30587E+05    2.76082E-02
      353.86043    1.30254E+05    2.75669E-02
      354.40067    1.29758E+05    2.74911E-02
      354.94092    1.29359E+05    2.74357E-02
      355.48116    1.29186E+05    2.74280E-02
      356.02141    1.29181E+05    2.74562E-02
      356.56165    1.29255E+05    2.75011E-02
      357.10190    1.29360E+05    2.75526E-02
      357.64214    1.29371E+05    2.75845E-02
      358.18239    1.29147E+05    2.75661E-02
      358.72263    1.28682E+05    2.74962E-02
      359.26288    1.28272E+05    2.74378E-02
      359.80312    1.28225E+05    2.74572E-02
      360.34337    1.28513E+05    2.75483E-02
      360.88361    1.28723E+05    2.76229E-02
      361.42386    1.28582E+05    2.76224E-02
      361.96410    1.28151E+05    2.75593E-02
      362.50435    1.27694E+05    2.74906E-02
      363.04459    1.27388E+05    2.74543E-02
      363.58484    1.27350E+05    2.74758E-02
      364.12508    1.27475E+05    2.75324E-02
      364.66533    1.27496E+05    2.75668E-02
      365.20557    1.27280E+05    2.75498E-02
      365.74582    1.26866E+05    2.74900E-02
      366.28606    1.26456E+05    2.74307E-02
      366.82631    1.26266E+05    2.74193E-02
      367.36655    1.26347E+05    2.74667E-02
      367.90680    1.26571E+05    2.75454E-02
      368.44704    1.26698E+05    2.76030E-02
      368.98729    1.26543E+05    2.75993E-02
      369.52753    1.26174E+05    2.75490E-02
      370.06778    1.25804E+05    2.74982E-02
      370.60802    1.25584E+05    2.74802E-02
      371.14827    1.25523E+05    2.74968E-02
      371.68851    1.25518E+05    2.75259E-02
      372.22876    1.25369E+05    2.75233E-02
      372.76900    1.25062E+05    2.74862E-02
      373.30925    1.24848E+05    2.74693E-02
      373.84949    1.24920E+05    2.75154E-02
      374.38974    1.25126E+05    2.75912E-02
      374.92998    1.25117E+05    2.76197E-02
      375.47023    1.24796E+05    2.75793E-02
      376.01047    1.24323E+05    2.75052E-02
      376.55072    1.23888E+05    2.74391E-02
      377.09096    1.23684E+05    2.74244E-02
      377.63121    1.23738E+05    2.74668E-02
      378.17145    1.23861E+05    2.75246E-02
      378.71170    1.23911E+05    2.75664E-02
      379.25194    1.23848E+05    2.75830E-02
      379.79219    1.23599E+05    2.75582E-02
      380.33243    1.23262E+05    2.75139E-02
      380.87267    1.22950E+05    2.74749E-02
      381.41292    1.22747E+05    2.74601E-02
      381.95316    1.22694E+05    2.74791E-02
      382.49341    1.22708E+05    2.75131E-02
      383.03365    1.22673E+05    2.75359E-02
      383.57390    1.22561E+05    2.75418E-02
      384.11414    1.22472E+05    2.75528E-02
      384.65439    1.22432E+05    2.75747E-02
      385.19463    1.22319E+05    2.75803E-02
      385.73488    1.22041E+05    2.75486E-02
      386.27512    1.21654E+05    2.74923E-02
      386.81537    1.21338E+05    2.74521E-02
      387.35561    1.21215E+05    2.74552E-02
      387.89586    1.21220E+05    2.74875E-02
      388.43610    1.21222E+05    2.75192E-02
      388.97635    1.21111E+05    2.75252E-02
      389.51659    1.20894E+05    2.75072E-02
      390.05684    1.20656E+05    2.74842E-02
      390.59708    1.20472E+05    2.74735E-02
      391.13733    1.20440E+05    2.74976E-02
      391.67757    1.20513E+05    2.75459E-02
      392.21782    1.20576E+05    2.75917E-02
      392.75806    1.20488E+05    2.76032E-02
      393.29831    1.20174E+05    2.75629E-02
      393.83855    1.19748E+05    2.74967E-02
      394.37880    1.19395E+05    2.74472E-02
      394.91904    1.19321E+05    2.74617E-02
      395.45929    1.19495E+05    2.75335E-02
      395.99953    1.19603E+05    2.75901E-02
      396.53978    1.19424E+05    2.75805E-02
      397.08002    1.19035E+05    2.75225E-02
      397.62027    1.18655E+05    2.74665E-02
      398.16051    1.18478E+05    2.74572E-02
      398.70076    1.18508E+05    2.74962E-02
      399.24100    1.18532E+05    2.75335E-02
      399.78125    1.18336E+05    2.75200E-02
      400.32149    1.18009E+05    2.74758E-02
      400.86174    1.17734E+05    2.74437E-02
      401.40198    1.17650E+05    2.74562E-02
      401.94223    1.17817E+05    2.75273E-02
      402.48247    1.18049E+05    2.76138E-02
      403.02272    1.18011E+05    2.76372E-02
      403.56296    1.17559E+05    2.75637E-02
      404.10321    1.16980E+05    2.74602E-02
      404.64345    1.16547E+05    2.73905E-02
      405.18370    1.16414E+05    2.73916E-02
      405.72394    1.16639E+05    2.74767E-02
      406.26419    1.16999E+05    2.75942E-02
      406.80443    1.17121E+05    2.76554E-02
      407.34468    1.16839E+05    2.76215E-02
      407.88492    1.16318E+05    2.75310E-02
      408.42517    1.15893E+05    2.74629E-02
      408.96541    1.15776E+05    2.74677E-02
      409.50566    1.15877E+05    2.75243E-02
      410.04590    1.15942E+05    2.75725E-02
      410.58615    1.15794E+05    2.75700E-02
      411.12639    1.15483E+05    2.75288E-02
      411.66664    1.15267E+05    2.75100E-02
      412.20688    1.15284E+05    2.75470E-02
      412.74713    1.15381E+05    2.76032E-02
      413.28737    1.15274E+05    2.76105E-02
      413.82762    1.14890E+05    2.75515E-02
      414.36786    1.14493E+05    2.74894E-02
      414.90811    1.14320E+05    2.74808E-02
      415.44835    1.14397E+05    2.75325E-02
      415.98860    1.14546E+05    2.76016E-02
      416.52884    1.14512E+05    2.76265E-02
      417.06909    1.14161E+05    2.75752E-02
      417.60933    1.13659E+05    2.74871E-02
      418.14958    1.13321E+05    2.74385E-02
      418.68982    1.13273E+05    2.74602E-02
      419.23006    1.13404E+05    2.75252E-02
      419.77031    1.13547E+05    2.75933E-02
      420.31055    1.13521E+05    2.76208E-02
      420.85080    1.13251E+05    2.75884E-02
      421.39104    1.12873E+05    2.75300E-02
      421.93129    1.12623E+05    2.75025E-02
      422.47153    1.12615E+05    2.75343E-02
      423.01178    1.12755E+05    2.76021E-02
      423.55202    1.12789E+05    2.76443E-02
      424.09227    1.12534E+05    2.76158E-02
      424.63251    1.12076E+05    2.75372E-02
      425.17276    1.11702E+05    2.74789E-02
      425.71300    1.11577E+05    2.74820E-02
      426.25325    1.11637E+05    2.75306E-02
      426.79349    1.11766E+05    2.75965E-02
      427.33374    1.11739E+05    2.76240E-02
      427.87398    1.11477E+05    2.75934E-02
      428.41423    1.11157E+05    2.75481E-02
      428.95447    1.10960E+05    2.75335E-02
      429.49472    1.10913E+05    2.75561E-02
      430.03496    1.10905E+05    2.75883E-02
      430.57521    1.10850E+05    2.76090E-02
      431.11545    1.10731E+05    2.76137E-02
      431.65570    1.10499E+05    2.75901E-02
      432.19594    1.10245E+05    2.75614E-02
      432.73619    1.10100E+05    2.75595E-02
      433.27643    1.10012E+05    2.75719E-02
      433.81668    1.09846E+05    2.75648E-02
      434.35692    1.09610E+05    2.75401E-02
      434.89717    1.09435E+05    2.75309E-02
      435.43741    1.09338E+05    2.75412E-02
      435.97766    1.09281E+05    2.75615E-02
      436.51790    1.09188E+05    2.75726E-02
      437.05815    1.09041E+05    2.75704E-02
      437.59839    1.08891E+05    2.75673E-02
      438.13864    1.08755E+05    2.75679E-02
      438.67888    1.08614E+05    2.75671E-02
      439.21913    1.08489E+05    2.75701E-02
      439.75937    1.08382E+05    2.75780E-02
      440.29962    1.08287E+05    2.75891E-02
      440.83986    1.08186E+05    2.75986E-02
      441.38011    1.08033E+05    2.75946E-02
      441.92035    1.07890E+05    2.75933E-02
      442.46060    1.07753E+05    2.75937E-02
      443.00084    1.07578E+05    2.75840E-02
      443.54109    1.07326E+05    2.75549E-02
      444.08133    1.07100E+05    2.75320E-02
      444.62158    1.07010E+05    2.75444E-02
      445.16182    1.06998E+05    2.75768E-02
      445.70207    1.06952E+05    2.76004E-02
      446.24231    1.06786E+05    2.75933E-02
      446.78256    1.06543E+05    2.75661E-02
      447.32280    1.06294E+05    2.75372E-02
      447.86305    1.06158E+05    2.75377E-02
      448.40329    1.06169E+05    2.75764E-02
      448.94354    1.06205E+05    2.76217E-02
      449.48378    1.06145E+05    2.76418E-02
      450.02403    1.05963E+05    2.76306E-02
      450.56427    1.05702E+05    2.75984E-02
      451.10452    1.05457E+05    2.75704E-02
      451.64476    1.05270E+05    2.75576E-02
      452.18501    1.05089E+05    2.75462E-02
      452.72525    1.04934E+05    2.75418E-02
      453.26550    1.04869E+05    2.75609E-02
      453.80574    1.04832E+05    2.75873E-02
      454.34599    1.04720E+05    2.75942E-02
      454.88623    1.04528E+05    2.75800E-02
      455.42648    1.04374E+05    2.75757E-02
      455.96672    1.04350E+05    2.76059E-02
      456.50697    1.04393E+05    2.76538E-02
      457.04721    1.04316E+05    2.76700E-02
      457.58745    1.04029E+05    2.76305E-02
      458.12770    1.03646E+05    2.75654E-02
      458.66794    1.03395E+05    2.75352E-02
      459.20819    1.03401E+05    2.75736E-02
      459.74843    1.03606E+05    2.76652E-02
      460.28868    1.03738E+05    2.77373E-02
      460.82892    1.03564E+05    2.77280E-02
      461.36917    1.03155E+05    2.76555E-02
      461.90941    1.02743E+05    2.75820E-02
      462.44966    1.02472E+05    2.75462E-02
      462.98990    1.02360E+05    2.75533E-02
      463.53015    1.02414E+05    2.76049E-02
      464.07039    1.02487E+05    2.76618E-02
      464.61064    1.02441E+05    2.76868E-02
      465.15088    1.02255E+05    2.76738E-02
      465.69113    1.02002E+05    2.76427E-02
      466.23137    1.01776E+05    2.76189E-02
      466.77162    1.01610E+05    2.76115E-02
      467.31186    1.01441E+05    2.76030E-02
      467.85211    1.01202E+05    2.75756E-02
      468.39235    1.00981E+05    2.75529E-02
      468.93260    1.00907E+05    2.75703E-02
      469.47284    1.00925E+05    2.76128E-02
      470.01309    1.00939E+05    2.76545E-02
      470.55333    1.00883E+05    2.76770E-02
      471.09358    1.00717E+05    2.76695E-02
      471.63382    1.00479E+05    2.76422E-02
      472.17407    1.00230E+05    2.76116E-02
      472.71431    1.00036E+05    2.75962E-02
      473.25456    1.00002E+05    2.76248E-02
      473.79480    1.00079E+05    2.76843E-02
      474.33505    9.99741E+04    2.76937E-02
      474.87529    9.96307E+04    2.76368E-02
      475.41554    9.93077E+04    2.75855E-02
      475.95578    9.92138E+04    2.75977E-02
      476.49603    9.92797E+04    2.76545E-02
      477.03627    9.93044E+04    2.77000E-02
      477.57652    9.92029E+04    2.77103E-02
      478.11676    9.89299E+04    2.76727E-02
      478.65701    9.85696E+04    2.76105E-02
      479.19725    9.83093E+04    2.75762E-02
      479.73750    9.81959E+04    2.75831E-02
      480.27774    9.82090E+04    2.76256E-02
      480.81799    9.82065E+04    2.76638E-02
      481.35823    9.80900E+04    2.76699E-02
      481.89848    9.78734E+04    2.76478E-02
      482.43872    9.76050E+04    2.76110E-02
      482.97897    9.74121E+04    2.75955E-02
      483.51921    9.73535E+04    2.76180E-02
      484.05946    9.73055E+04    2.76436E-02
      484.59970    9.71482E+04    2.76382E-02
      485.13995    9.69129E+04    2.76105E-02
      485.68019    9.66927E+04    2.75871E-02
      486.22044    9.65627E+04    2.75893E-02
      486.76068    9.65128E+04    2.76145E-02
      487.30093    9.64510E+04    2.76364E-02
      487.84117    9.63558E+04    2.76487E-02
      488.38142    9.62436E+04    2.76562E-02
      488.92166    9.61088E+04    2.76572E-02
      489.46191    9.59562E+04    2.76531E-02
      490.00215    9.57844E+04    2.76434E-02
      490.54240    9.55844E+04    2.76255E-02
      491.08264    9.53638E+04    2.76017E-02
      491.62289    9.51369E+04    2.75759E-02
      492.16313    9.49488E+04    2.75613E-02
      492.70338    9.48151E+04    2.75625E-02
      493.24362    9.47700E+04    2.75895E-02
      493.78387    9.47993E+04    2.76383E-02
      494.32411    9.48277E+04    2.76869E-02
      494.86435    9.47882E+04    2.77158E-02
      495.40460    9.46263E+04    2.77090E-02
      495.94484    9.43212E+04    2.76602E-02
      496.48509    9.39124E+04    2.75807E-02
      497.02533    9.36231E+04    2.75362E-02
      497.56558    9.36704E+04    2.75907E-02
      498.10582    9.38612E+04    2.76877E-02
      498.64607    9.38968E+04    2.77391E-02
      499.18631    9.36774E+04    2.77152E-02
      499.72656    9.32666E+04    2.76346E-02
      500.26680    9.28582E+04    2.75544E-02
      500.80705    9.26655E+04    2.75380E-02
      501.34729    9.26902E+04    2.75864E-02
      501.88754    9.27682E+04    2.76507E-02
      502.42778    9.27324E+04    2.76813E-02
      502.96803    9.25223E+04    2.76599E-02
      503.50827    9.22145E+04    2.76091E-02
      504.04852    9.19674E+04    2.75764E-02
      504.58876    9.18472E+04    2.75817E-02
      505.12901    9.17754E+04    2.76016E-02
      505.66925    9.16909E+04    2.76177E-02
      506.20950    9.16702E+04    2.76531E-02
      506.74974    9.16875E+04    2.77002E-02
      507.28999    9.16188E+04    2.77213E-02
      507.83023    9.13516E+04    2.76823E-02
      508.37048    9.09472E+04    2.76016E-02
      508.91072    9.06458E+04    2.75519E-02
      509.45097    9.06254E+04    2.75876E-02
      509.99121    9.08401E+04    2.76951E-02
      510.53146    9.10426E+04    2.77993E-02
      511.07170    9.09652E+04    2.78181E-02
      511.61195    9.05513E+04    2.77339E-02
      512.15219    9.00201E+04    2.76135E-02
      512.69244    8.96534E+04    2.75433E-02
      513.23268    8.95922E+04    2.75668E-02
      513.77293    8.97370E+04    2.76539E-02
      514.31317    8.98359E+04    2.77271E-02
      514.85342    8.97074E+04    2.77303E-02
      515.39366    8.94170E+04    2.76833E-02
      515.93391    8.91264E+04    2.76361E-02
      516.47415    8.89169E+04    2.76140E-02
      517.01440    8.88219E+04    2.76273E-02
      517.55464    8.88013E+04    2.76640E-02
      518.09489    8.86861E+04    2.76712E-02
      518.63513    8.84251E+04    2.76329E-02
      519.17538    8.81410E+04    2.75872E-02
      519.71562    8.79921E+04    2.75837E-02
      520.25587    8.80071E+04    2.76318E-02
      520.79611    8.80686E+04    2.76945E-02
      521.33636    8.80113E+04    2.77201E-02
      521.87660    8.77886E+04    2.76936E-02
      522.41685    8.74864E+04    2.76418E-02
      522.95709    8.72164E+04    2.76001E-02
      523.49734    8.70216E+04    2.75821E-02
      524.03758    8.69193E+04    2.75934E-02
      524.57783    8.69243E+04    2.76389E-02
      525.11807    8.69627E+04    2.76951E-02
      525.65832    8.69182E+04    2.77251E-02
      526.19856    8.67408E+04    2.77127E-02
      526.73881    8.65331E+04    2.76906E-02
      527.27905    8.63758E+04    2.76846E-02
      527.81930    8.62496E+04    2.76885E-02
      528.35954    8.61216E+04    2.76918E-02
      528.89979    8.59297E+04    2.76746E-02
      529.44003    8.56852E+04    2.76404E-02
      529.98028    8.54681E+04    2.76149E-02
      530.52052    8.53975E+04    2.76367E-02
      531.06077    8.54464E+04    2.76974E-02
      531.60101    8.54945E+04    2.77580E-02
      532.14126    8.53743E+04    2.77640E-02
      532.68150    8.50398E+04    2.77003E-02
      533.22174    8.46512E+04    2.76187E-02
      533.76199    8.43801E+04    2.75752E-02
      534.30223    8.42738E+04    2.75855E-02
      534.84248    8.43379E+04    2.76518E-02
      535.38272    8.44722E+04    2.77413E-02
      535.92297    8.44757E+04    2.77880E-02
      536.46321    8.42167E+04    2.77485E-02
      537.00346    8.37999E+04    2.76567E-02
      537.54370    8.34564E+04    2.75889E-02
      538.08395    8.33181E+04    2.75888E-02
      538.62419    8.33564E+04    2.76472E-02
      539.16444    8.34158E+04    2.77129E-02
      539.70468    8.33175E+04    2.77263E-02
      540.24493    8.30366E+04    2.76789E-02
      540.78517    8.27622E+04    2.76335E-02
      541.32542    8.27132E+04    2.76633E-02
      541.86566    8.28135E+04    2.77432E-02
      542.40591    8.28084E+04    2.77881E-02
      542.94615    8.25829E+04    2.77590E-02
      543.48640    8.22335E+04    2.76881E-02
      544.02664    8.19894E+04    2.76524E-02
      544.56689    8.19233E+04    2.76768E-02
      545.10713    8.19200E+04    2.77225E-02
      545.64738    8.18538E+04    2.77471E-02
      546.18762    8.17097E+04    2.77452E-02
      546.72787    8.15327E+04    2.77322E-02
      547.26811    8.13015E+04    2.77007E-02
      547.80836    8.10654E+04    2.76674E-02
      548.34860    8.08617E+04    2.76450E-02
      548.88885    8.07034E+04    2.76382E-02
      549.42909    8.06477E+04    2.76664E-02
      549.96934    8.06870E+04    2.77275E-02
      550.50958    8.07202E+04    2.77866E-02
      551.04983    8.05310E+04    2.77693E-02
      551.59007    8.00902E+04    2.76650E-02
      552.13032    7.96191E+04    2.75499E-02
      552.67056    7.93868E+04    2.75171E-02
      553.21081    7.94662E+04    2.75924E-02
      553.75105    7.97074E+04    2.77243E-02
      554.29130    7.98619E+04    2.78265E-02
      554.83154    7.97870E+04    2.78489E-02
      555.37179    7.95171E+04    2.78032E-02
      555.91203    7.92203E+04    2.77479E-02
      556.45228    7.89822E+04    2.77130E-02
      556.99252    7.87915E+04    2.76947E-02
      557.53277    7.86446E+04    2.76918E-02
      558.07301    7.85234E+04    2.76979E-02
      558.61326    7.83644E+04    2.76906E-02
      559.15350    7.81969E+04    2.76803E-02
      559.69375    7.81024E+04    2.76959E-02
      560.23399    7.81314E+04    2.77554E-02
      560.77424    7.81644E+04    2.78165E-02
      561.31448    7.80686E+04    2.78319E-02
      561.85473    7.78123E+04    2.77901E-02
      562.39497    7.75222E+04    2.77360E-02
      562.93522    7.73091E+04    2.77094E-02
      563.47546    7.71499E+04    2.77019E-02
      564.01571    7.69749E+04    2.76888E-02
      564.55595    7.67485E+04    2.76571E-02
      565.09620    7.65649E+04    2.76408E-02
      565.63644    7.65382E+04    2.76811E-02
      566.17669    7.66257E+04    2.77629E-02
      566.71693    7.66807E+04    2.78333E-02
      567.25718    7.65653E+04    2.78419E-02
      567.79742    7.62951E+04    2.77942E-02
      568.33767    7.59900E+04    2.77336E-02
      568.87791    7.57097E+04    2.76818E-02
      569.41816    7.54924E+04    2.76529E-02
      569.95840    7.53723E+04    2.76596E-02
      570.49865    7.53321E+04    2.76956E-02
      571.03889    7.53306E+04    2.77461E-02
      571.57913    7.52766E+04    2.77773E-02
      572.11938    7.51214E+04    2.77713E-02
      572.65962    7.48548E+04    2.77240E-02
      573.19987    7.45545E+04    2.76640E-02
      573.74011    7.43862E+04    2.76529E-02
      574.28036    7.43961E+04    2.77080E-02
      574.82060    7.44804E+04    2.77912E-02
      575.36085    7.45415E+04    2.78660E-02
      575.90109    7.44692E+04    2.78911E-02
      576.44134    7.41831E+04    2.78360E-02
      576.98158    7.37929E+04    2.77417E-02
      577.52183    7.34993E+04    2.76833E-02
      578.06207    7.33680E+04    2.76860E-02
      578.60232    7.33836E+04    2.77443E-02
      579.14256    7.34497E+04    2.78218E-02
      579.68281    7.34243E+04    2.78650E-02
      580.22305    7.32655E+04    2.78576E-02
      580.76330    7.30232E+04    2.78184E-02
      581.30354    7.27958E+04    2.77846E-02
      581.84379    7.26188E+04    2.77701E-02
      582.38403    7.25060E+04    2.77801E-02
      582.92428    7.23969E+04    2.77915E-02
      583.46452    7.22150E+04    2.77750E-02
      584.00477    7.20081E+04    2.77488E-02
      584.54501    7.18191E+04    2.77294E-02
      585.08526    7.16334E+04    2.77112E-02
      585.62550    7.15128E+04    2.77181E-02
      586.16575    7.15112E+04    2.77713E-02
      586.70599    7.15236E+04    2.78302E-02
      587.24624    7.14166E+04    2.78427E-02
      587.78648    7.12306E+04    2.78245E-02
      588.32673    7.10835E+04    2.78213E-02
      588.86697    7.09815E+04    2.78359E-02
      589.40722    7.08433E+04    2.78363E-02
      589.94746    7.06595E+04    2.78187E-02
      590.48771    7.04406E+04    2.77872E-02
      591.02795    7.02443E+04    2.77645E-02
      591.56820    7.01049E+04    2.77643E-02
      592.10844    7.00133E+04    2.77831E-02
      592.64869    6.99437E+04    2.78106E-02
      593.18893    6.98823E+04    2.78416E-02
      593.72918    6.97854E+04    2.78584E-02
      594.26942    6.95737E+04    2.78295E-02
      594.80967    6.93276E+04    2.77866E-02
      595.34991    6.91645E+04    2.77769E-02
      595.89016    6.90873E+04    2.78017E-02
      596.43040    6.89916E+04    2.78192E-02
      596.97065    6.88486E+04    2.78176E-02
      597.51089    6.87091E+04    2.78175E-02
      598.05114    6.86150E+04    2.78357E-02
      598.59138    6.85015E+04    2.78461E-02
      599.13163    6.82767E+04    2.78113E-02
      599.67187    6.79854E+04    2.77491E-02
      600.21212    6.77909E+04    2.77263E-02
      600.75236    6.77759E+04    2.77770E-02
      601.29261    6.78710E+04    2.78731E-02
      601.83285    6.79210E+04    2.79510E-02
      602.37310    6.77735E+04    2.79478E-02
      602.91334    6.74321E+04    2.78645E-02
      603.45359    6.70615E+04    2.77687E-02
      603.99383    6.68630E+04    2.77440E-02
      604.53408    6.68814E+04    2.78093E-02
      605.07432    6.69537E+04    2.78974E-02
      605.61457    6.69020E+04    2.79340E-02
      606.15481    6.66644E+04    2.78931E-02
      606.69506    6.63663E+04    2.78266E-02
      607.23530    6.60895E+04    2.77687E-02
      607.77555    6.58806E+04    2.77392E-02
      608.31579    6.57826E+04    2.77564E-02
      608.85604    6.57612E+04    2.78060E-02
      609.39628    6.57315E+04    2.78523E-02
      609.93652    6.56632E+04    2.78825E-02
      610.47677    6.55338E+04    2.78867E-02
      611.01701    6.53845E+04    2.78825E-02
      611.55726    6.52309E+04    2.78765E-02
      612.09750    6.50791E+04    2.78711E-02
      612.63775    6.48664E+04    2.78397E-02
      613.17799    6.46111E+04    2.77897E-02
      613.71824    6.43860E+04    2.77526E-02
      614.25848    6.42639E+04    2.77598E-02
      614.79873    6.42056E+04    2.77946E-02
      615.33897    6.40917E+04    2.78055E-02
      615.87922    6.39299E+04    2.77956E-02
      616.41946    6.37767E+04    2.77894E-02
      616.95971    6.37029E+04    2.78178E-02
      617.49995    6.37457E+04    2.78975E-02
      618.04020    6.37644E+04    2.79669E-02
      618.58044    6.35574E+04    2.79373E-02
      619.12069    6.31810E+04    2.78331E-02
      619.66093    6.28428E+04    2.77452E-02
      620.20118    6.27139E+04    2.77495E-02
      620.74142    6.27394E+04    2.78224E-02
      621.28167    6.27638E+04    2.78950E-02
      621.82191    6.27162E+04    2.79360E-02
      622.36216    6.25661E+04    2.79313E-02
      622.90240    6.23029E+04    2.78760E-02
      623.44265    6.20098E+04    2.78071E-02
      623.98289    6.18285E+04    2.77881E-02
      624.52314    6.17900E+04    2.78333E-02
      625.06338    6.17366E+04    2.78721E-02
      625.60363    6.15376E+04    2.78451E-02
      626.14387    6.12599E+04    2.77822E-02
      626.68412    6.10780E+04    2.77627E-02
      627.22436    6.10845E+04    2.78289E-02
      627.76461    6.11672E+04    2.79302E-02
      628.30485    6.10997E+04    2.79633E-02
      628.84510    6.08269E+04    2.79022E-02
      629.38534    6.05111E+04    2.78212E-02
      629.92559    6.03251E+04    2.77996E-02
      630.46583    6.02857E+04    2.78456E-02
      631.00608    6.02994E+04    2.79164E-02
      631.54632    6.02025E+04    2.79362E-02
      632.08657    5.99696E+04    2.78928E-02
      632.62681    5.97202E+04    2.78416E-02
      633.16706    5.96005E+04    2.78507E-02
      633.70730    5.95669E+04    2.79002E-02
      634.24755    5.95174E+04    2.79424E-02
      634.78779    5.94052E+04    2.79554E-02
      635.32804    5.92111E+04    2.79298E-02
      635.86828    5.89767E+04    2.78850E-02
      636.40853    5.87839E+04    2.78597E-02
      636.94877    5.86871E+04    2.78799E-02
      637.48902    5.86414E+04    2.79245E-02
      638.02926    5.85256E+04    2.79359E-02
      638.56951    5.82659E+04    2.78784E-02
      639.10975    5.79491E+04    2.77933E-02
      639.65000    5.77610E+04    2.77697E-02
      640.19024    5.78000E+04    2.78554E-02
      640.73049    5.79330E+04    2.79870E-02
      641.27073    5.78957E+04    2.80367E-02
      641.81098    5.75815E+04    2.79522E-02
      642.35122    5.71234E+04    2.77973E-02
      642.89147    5.67891E+04    2.77020E-02
      643.43171    5.66975E+04    2.77250E-02
      643.97196    5.67596E+04    2.78233E-02
      644.51220    5.68201E+04    2.79214E-02
      645.05245    5.67475E+04    2.79544E-02
      645.59269    5.65360E+04    2.79190E-02
      646.13294    5.62795E+04    2.78611E-02
      646.67318    5.60954E+04    2.78389E-02
      647.21342    5.60454E+04    2.78833E-02
      647.75367    5.60527E+04    2.79564E-02
      648.29391    5.60098E+04    2.80049E-02
