BEHD @ YYE. Sim. done on 2023-10-27   17h28
### Sim. w/ κ =    0.800 ; and ∆_0 =  2.00; T =    2.98E+05
 ## r =  1.00E-06 ; rhosty =  1.05E+03 ; rhosol =  1.00E+03
 ## k =  2.00 ; ∆_eq =  2.00 ; num_particle =    1000
Time         sumz         <∆z^2>
        0.10805    4.42195E+03    5.52813E-04
        0.21610    1.64134E+04    2.05219E-03
        0.32415    3.46219E+04    4.32936E-03
        0.43220    5.76425E+04    7.20891E-03
        0.54024    8.40665E+04    1.05149E-02
        0.64829    1.12525E+05    1.40762E-02
        0.75634    1.41731E+05    1.77318E-02
        0.86439    1.70508E+05    2.13348E-02
        0.97244    1.97822E+05    2.47556E-02
        1.08049    2.22796E+05    2.78843E-02
        1.18854    2.44724E+05    3.06326E-02
        1.29659    2.63083E+05    3.29348E-02
        1.40464    2.77535E+05    3.47483E-02
        1.51269    2.87916E+05    3.60526E-02
        1.62073    2.94241E+05    3.68493E-02
        1.72878    2.96682E+05    3.71595E-02
        1.83683    2.95538E+05    3.70209E-02
        1.94488    2.91209E+05    3.64832E-02
        2.05293    2.84167E+05    3.56055E-02
        2.16098    2.74943E+05    3.44540E-02
        2.26903    2.64098E+05    3.30991E-02
        2.37708    2.52204E+05    3.16125E-02
        2.48513    2.39820E+05    3.00639E-02
        2.59318    2.27467E+05    2.85190E-02
        2.70122    2.15619E+05    2.70368E-02
        3.24147    1.75535E+05    2.20245E-02
        3.78171    1.75959E+05    2.20915E-02
        4.32196    1.99631E+05    2.50793E-02
        4.86220    2.19720E+05    2.76204E-02
        5.40245    2.23173E+05    2.80721E-02
        5.94269    2.14257E+05    2.69675E-02
        6.48294    2.04392E+05    2.57421E-02
        7.02318    2.00921E+05    2.53208E-02
        7.56343    2.03646E+05    2.56804E-02
        8.10367    2.08040E+05    2.62511E-02
        8.64392    2.10172E+05    2.65369E-02
        9.18416    2.09373E+05    2.64527E-02
        9.72441    2.07223E+05    2.61976E-02
       10.26465    2.05710E+05    2.60228E-02
       10.80490    2.05609E+05    2.60265E-02
       11.34514    2.06371E+05    2.61395E-02
       11.88539    2.06977E+05    2.62329E-02
       12.42563    2.06915E+05    2.62416E-02
       12.96588    2.06384E+05    2.61909E-02
       13.50612    2.05935E+05    2.61505E-02
       14.04637    2.05676E+05    2.61341E-02
       14.58661    2.05503E+05    2.61288E-02
       15.12686    2.05542E+05    2.61503E-02
       15.66710    2.05730E+05    2.61910E-02
       16.20735    2.05736E+05    2.62084E-02
       16.74759    2.05460E+05    2.61900E-02
       17.28784    2.05045E+05    2.61537E-02
       17.82808    2.04660E+05    2.61212E-02
       18.36833    2.04529E+05    2.61212E-02
       18.90857    2.04644E+05    2.61525E-02
       19.44882    2.04782E+05    2.61870E-02
       19.98906    2.04724E+05    2.61963E-02
       20.52931    2.04361E+05    2.61666E-02
       21.06955    2.03848E+05    2.61176E-02
       21.60980    2.03570E+05    2.60987E-02
       22.15004    2.03756E+05    2.61394E-02
       22.69029    2.04130E+05    2.62041E-02
       23.23053    2.04170E+05    2.62261E-02
       23.77078    2.03779E+05    2.61927E-02
       24.31102    2.03249E+05    2.61414E-02
       24.85127    2.02970E+05    2.61222E-02
       25.39151    2.03149E+05    2.61621E-02
       25.93176    2.03451E+05    2.62180E-02
       26.47200    2.03436E+05    2.62329E-02
       27.01225    2.02990E+05    2.61922E-02
       27.55249    2.02490E+05    2.61446E-02
       28.09274    2.02263E+05    2.61322E-02
       28.63298    2.02270E+05    2.61499E-02
       29.17323    2.02251E+05    2.61645E-02
       29.71347    2.02166E+05    2.61704E-02
       30.25372    2.02133E+05    2.61831E-02
       30.79396    2.02091E+05    2.61945E-02
       31.33421    2.01892E+05    2.61858E-02
       31.87445    2.01502E+05    2.61521E-02
       32.41470    2.01187E+05    2.61281E-02
       32.95494    2.01132E+05    2.61381E-02
       33.49519    2.01264E+05    2.61721E-02
       34.03543    2.01415E+05    2.62088E-02
       34.57568    2.01367E+05    2.62197E-02
       35.11592    2.01032E+05    2.61931E-02
       35.65617    2.00562E+05    2.61489E-02
       36.19641    2.00323E+05    2.61348E-02
       36.73666    2.00422E+05    2.61647E-02
       37.27690    2.00531E+05    2.61961E-02
       37.81715    2.00457E+05    2.62035E-02
       38.35739    2.00209E+05    2.61882E-02
       38.89763    1.99896E+05    2.61644E-02
       39.43788    1.99705E+05    2.61565E-02
       39.97812    1.99790E+05    2.61848E-02
       40.51837    1.99814E+05    2.62052E-02
       41.05861    1.99503E+05    2.61814E-02
       41.59886    1.99065E+05    2.61411E-02
       42.13910    1.98870E+05    2.61327E-02
       42.67935    1.98998E+05    2.61667E-02
       43.21959    1.99228E+05    2.62142E-02
       43.75984    1.99221E+05    2.62305E-02
       44.30008    1.98790E+05    2.61911E-02
       44.84033    1.98286E+05    2.61419E-02
       45.38057    1.98119E+05    2.61370E-02
       45.92082    1.98221E+05    2.61678E-02
       46.46106    1.98347E+05    2.62017E-02
       47.00131    1.98285E+05    2.62108E-02
       47.54155    1.97983E+05    2.61882E-02
       48.08180    1.97566E+05    2.61503E-02
       48.62204    1.97352E+05    2.61393E-02
       49.16229    1.97393E+05    2.61621E-02
       49.70253    1.97398E+05    2.61801E-02
       50.24278    1.97191E+05    2.61700E-02
       50.78302    1.96871E+05    2.61449E-02
       51.32327    1.96712E+05    2.61411E-02
       51.86351    1.96824E+05    2.61733E-02
       52.40376    1.96938E+05    2.62060E-02
       52.94400    1.96862E+05    2.62133E-02
       53.48425    1.96695E+05    2.62085E-02
       54.02449    1.96442E+05    2.61922E-02
       54.56474    1.96094E+05    2.61633E-02
       55.10498    1.95801E+05    2.61416E-02
       55.64523    1.95754E+05    2.61529E-02
       56.18547    1.95862E+05    2.61848E-02
       56.72572    1.95812E+05    2.61956E-02
       57.26596    1.95532E+05    2.61757E-02
       57.80621    1.95218E+05    2.61511E-02
       58.34645    1.95086E+05    2.61510E-02
       58.88670    1.95116E+05    2.61725E-02
       59.42694    1.95129E+05    2.61918E-02
       59.96719    1.94938E+05    2.61837E-02
       60.50743    1.94562E+05    2.61508E-02
       61.04768    1.94233E+05    2.61241E-02
       61.58792    1.94110E+05    2.61251E-02
       62.12817    1.94261E+05    2.61631E-02
       62.66841    1.94463E+05    2.62080E-02
       63.20866    1.94449E+05    2.62237E-02
       63.74890    1.94198E+05    2.62076E-02
       64.28915    1.93835E+05    2.61763E-02
       64.82939    1.93527E+05    2.61523E-02
       65.36964    1.93442E+05    2.61584E-02
       65.90988    1.93570E+05    2.61934E-02
       66.45013    1.93666E+05    2.62242E-02
       66.99037    1.93444E+05    2.62119E-02
       67.53062    1.92935E+05    2.61607E-02
       68.07086    1.92441E+05    2.61113E-02
       68.61111    1.92269E+05    2.61057E-02
       69.15135    1.92496E+05    2.61544E-02
       69.69160    1.92831E+05    2.62177E-02
       70.23184    1.92816E+05    2.62334E-02
       70.77209    1.92393E+05    2.61937E-02
       71.31233    1.91952E+05    2.61516E-02
       71.85258    1.91855E+05    2.61561E-02
       72.39282    1.91945E+05    2.61862E-02
       72.93307    1.92032E+05    2.62160E-02
       73.47331    1.92037E+05    2.62345E-02
       74.01356    1.91838E+05    2.62252E-02
       74.55380    1.91457E+05    2.61911E-02
       75.09405    1.91116E+05    2.61623E-02
       75.63429    1.90890E+05    2.61493E-02
       76.17453    1.90794E+05    2.61541E-02
       76.71478    1.90724E+05    2.61624E-02
       77.25502    1.90669E+05    2.61729E-02
       77.79527    1.90607E+05    2.61823E-02
       78.33551    1.90519E+05    2.61882E-02
       78.87576    1.90425E+05    2.61933E-02
       79.41600    1.90251E+05    2.61873E-02
       79.95625    1.90037E+05    2.61759E-02
       80.49649    1.89891E+05    2.61738E-02
       81.03674    1.89731E+05    2.61698E-02
       81.57698    1.89626E+05    2.61734E-02
       82.11723    1.89533E+05    2.61786E-02
       82.65747    1.89322E+05    2.61675E-02
       83.19772    1.88954E+05    2.61347E-02
       83.73796    1.88655E+05    2.61115E-02
       84.27821    1.88570E+05    2.61177E-02
       84.81845    1.88750E+05    2.61607E-02
       85.35870    1.88922E+05    2.62028E-02
       85.89894    1.88845E+05    2.62103E-02
       86.43919    1.88500E+05    2.61805E-02
       86.97943    1.88150E+05    2.61501E-02
       87.51968    1.87909E+05    2.61347E-02
       88.05992    1.87884E+05    2.61495E-02
       88.60017    1.88039E+05    2.61892E-02
       89.14041    1.88054E+05    2.62097E-02
       89.68066    1.87857E+05    2.62005E-02
       90.22090    1.87607E+05    2.61839E-02
       90.76115    1.87410E+05    2.61746E-02
       91.30139    1.87242E+05    2.61693E-02
       91.84164    1.87106E+05    2.61687E-02
       92.38188    1.87125E+05    2.61897E-02
       92.92213    1.87190E+05    2.62171E-02
       93.46237    1.87105E+05    2.62235E-02
       94.00262    1.86789E+05    2.61976E-02
       94.54286    1.86477E+05    2.61722E-02
       95.08311    1.86286E+05    2.61637E-02
       95.62335    1.86158E+05    2.61641E-02
       96.16360    1.86110E+05    2.61758E-02
       96.70384    1.86123E+05    2.61961E-02
       97.24409    1.86049E+05    2.62040E-02
       97.78433    1.85904E+05    2.62021E-02
       98.32458    1.85714E+05    2.61938E-02
       98.86482    1.85494E+05    2.61812E-02
       99.40507    1.85270E+05    2.61681E-02
       99.94531    1.85175E+05    2.61731E-02
      100.48556    1.85226E+05    2.61989E-02
      101.02580    1.85272E+05    2.62239E-02
      101.56605    1.85123E+05    2.62214E-02
      102.10629    1.84776E+05    2.61908E-02
      102.64654    1.84361E+05    2.61505E-02
      103.18678    1.84141E+05    2.61379E-02
      103.72703    1.84251E+05    2.61720E-02
      104.26727    1.84466E+05    2.62212E-02
      104.80752    1.84376E+05    2.62270E-02
      105.34776    1.83931E+05    2.61823E-02
      105.88801    1.83497E+05    2.61392E-02
      106.42825    1.83373E+05    2.61401E-02
      106.96850    1.83448E+05    2.61695E-02
      107.50874    1.83525E+05    2.61992E-02
      108.04899    1.83499E+05    2.62141E-02
      108.58923    1.83283E+05    2.62021E-02
      109.12948    1.82987E+05    2.61784E-02
      109.66972    1.82791E+05    2.61691E-02
      110.20997    1.82741E+05    2.61806E-02
      110.75021    1.82729E+05    2.61978E-02
      111.29046    1.82584E+05    2.61956E-02
      111.83070    1.82261E+05    2.61682E-02
      112.37095    1.81926E+05    2.61388E-02
      112.91119    1.81782E+05    2.61368E-02
      113.45144    1.81829E+05    2.61625E-02
      113.99168    1.81892E+05    2.61903E-02
      114.53192    1.81846E+05    2.62026E-02
      115.07217    1.81762E+05    2.62093E-02
      115.61241    1.81615E+05    2.62071E-02
      116.15266    1.81241E+05    2.61719E-02
      116.69290    1.80808E+05    2.61283E-02
      117.23315    1.80714E+05    2.61336E-02
      117.77339    1.80924E+05    2.61829E-02
      118.31364    1.81106E+05    2.62283E-02
      118.85388    1.80961E+05    2.62263E-02
      119.39413    1.80497E+05    2.61779E-02
      119.93437    1.80018E+05    2.61274E-02
      120.47462    1.79874E+05    2.61255E-02
      121.01486    1.80087E+05    2.61754E-02
      121.55511    1.80367E+05    2.62352E-02
      122.09535    1.80344E+05    2.62510E-02
      122.63560    1.79947E+05    2.62123E-02
      123.17584    1.79472E+05    2.61621E-02
      123.71609    1.79231E+05    2.61460E-02
      124.25633    1.79165E+05    2.61555E-02
      124.79658    1.79158E+05    2.61735E-02
      125.33682    1.79137E+05    2.61896E-02
      125.87707    1.79087E+05    2.62014E-02
      126.41731    1.78961E+05    2.62021E-02
      126.95756    1.78815E+05    2.62001E-02
      127.49780    1.78666E+05    2.61974E-02
      128.03805    1.78537E+05    2.61977E-02
      128.57829    1.78378E+05    2.61935E-02
      129.11854    1.78236E+05    2.61920E-02
      129.65878    1.78202E+05    2.62062E-02
      130.19903    1.78219E+05    2.62279E-02
      130.73927    1.78095E+05    2.62291E-02
      131.27952    1.77664E+05    2.61848E-02
      131.81976    1.77204E+05    2.61362E-02
      132.36001    1.77095E+05    2.61395E-02
      132.90025    1.77251E+05    2.61818E-02
      133.44050    1.77316E+05    2.62108E-02
      133.98074    1.77118E+05    2.62009E-02
      134.52099    1.76798E+05    2.61730E-02
      135.06123    1.76646E+05    2.61698E-02
      135.60148    1.76787E+05    2.62100E-02
      136.14172    1.77007E+05    2.62622E-02
      136.68197    1.76914E+05    2.62679E-02
      137.22221    1.76477E+05    2.62225E-02
      137.76246    1.76035E+05    2.61763E-02
      138.30270    1.75767E+05    2.61557E-02
      138.84295    1.75642E+05    2.61566E-02
      139.38319    1.75603E+05    2.61703E-02
      139.92344    1.75555E+05    2.61827E-02
      140.46368    1.75480E+05    2.61911E-02
      141.00393    1.75419E+05    2.62014E-02
      141.54417    1.75357E+05    2.62118E-02
      142.08442    1.75249E+05    2.62152E-02
      142.62466    1.75134E+05    2.62176E-02
      143.16491    1.74960E+05    2.62112E-02
      143.70515    1.74660E+05    2.61860E-02
      144.24540    1.74401E+05    2.61667E-02
      144.78564    1.74283E+05    2.61687E-02
      145.32589    1.74247E+05    2.61829E-02
      145.86613    1.74155E+05    2.61887E-02
      146.40638    1.74012E+05    2.61870E-02
      146.94662    1.73891E+05    2.61883E-02
      147.48687    1.73712E+05    2.61811E-02
      148.02711    1.73510E+05    2.61704E-02
      148.56736    1.73432E+05    2.61784E-02
      149.10760    1.73486E+05    2.62063E-02
      149.64785    1.73458E+05    2.62219E-02
      150.18809    1.73207E+05    2.62037E-02
      150.72834    1.72777E+05    2.61585E-02
      151.26858    1.72377E+05    2.61178E-02
      151.80883    1.72303E+05    2.61263E-02
      152.34907    1.72585E+05    2.61890E-02
      152.88931    1.72778E+05    2.62382E-02
      153.42956    1.72583E+05    2.62284E-02
      153.96980    1.72134E+05    2.61801E-02
      154.51005    1.71758E+05    2.61428E-02
      155.05029    1.71681E+05    2.61509E-02
      155.59054    1.71820E+05    2.61921E-02
      156.13078    1.71845E+05    2.62158E-02
      156.67103    1.71680E+05    2.62107E-02
      157.21127    1.71433E+05    2.61929E-02
      157.75152    1.71196E+05    2.61768E-02
      158.29176    1.71029E+05    2.61712E-02
      158.83201    1.70986E+05    2.61846E-02
      159.37225    1.71028E+05    2.62112E-02
      159.91250    1.70975E+05    2.62232E-02
      160.45274    1.70785E+05    2.62142E-02
      160.99299    1.70487E+05    2.61885E-02
      161.53323    1.70210E+05    2.61661E-02
      162.07348    1.70054E+05    2.61622E-02
      162.61372    1.70107E+05    2.61905E-02
      163.15397    1.70274E+05    2.62363E-02
      163.69421    1.70337E+05    2.62662E-02
      164.23446    1.70244E+05    2.62721E-02
      164.77470    1.69986E+05    2.62526E-02
      165.31495    1.69579E+05    2.62101E-02
      165.85519    1.69219E+05    2.61746E-02
      166.39544    1.69141E+05    2.61827E-02
      166.93568    1.69257E+05    2.62210E-02
      167.47593    1.69316E+05    2.62506E-02
      168.01617    1.69143E+05    2.62441E-02
      168.55642    1.68748E+05    2.62031E-02
      169.09666    1.68367E+05    2.61642E-02
      169.63691    1.68106E+05    2.61440E-02
      170.17715    1.68015E+05    2.61503E-02
      170.71740    1.68015E+05    2.61706E-02
      171.25764    1.68018E+05    2.61914E-02
      171.79789    1.67995E+05    2.62082E-02
      172.33813    1.67906E+05    2.62149E-02
      172.87838    1.67675E+05    2.61993E-02
      173.41862    1.67341E+05    2.61675E-02
      173.95887    1.67029E+05    2.61391E-02
      174.49911    1.66896E+05    2.61388E-02
      175.03936    1.67112E+05    2.61931E-02
      175.57960    1.67412E+05    2.62607E-02
      176.11985    1.67370E+05    2.62747E-02
      176.66009    1.66830E+05    2.62106E-02
      177.20034    1.66213E+05    2.61341E-02
      177.74058    1.65964E+05    2.61155E-02
      178.28083    1.66057E+05    2.61507E-02
      178.82107    1.66220E+05    2.61970E-02
      179.36132    1.66232E+05    2.62195E-02
      179.90156    1.66061E+05    2.62133E-02
      180.44181    1.65834E+05    2.61982E-02
      180.98205    1.65656E+05    2.61907E-02
      181.52230    1.65550E+05    2.61946E-02
      182.06254    1.65461E+05    2.62013E-02
      182.60279    1.65362E+05    2.62064E-02
      183.14303    1.65232E+05    2.62064E-02
      183.68328    1.65099E+05    2.62062E-02
      184.22352    1.65022E+05    2.62147E-02
      184.76377    1.64963E+05    2.62262E-02
      185.30401    1.64918E+05    2.62399E-02
      185.84426    1.64689E+05    2.62244E-02
      186.38450    1.64283E+05    2.61806E-02
      186.92475    1.64005E+05    2.61571E-02
      187.46499    1.64004E+05    2.61778E-02
      188.00524    1.64091E+05    2.62126E-02
      188.54548    1.64020E+05    2.62221E-02
      189.08573    1.63777E+05    2.62043E-02
      189.62597    1.63561E+05    2.61907E-02
      190.16622    1.63385E+05    2.61835E-02
      190.70646    1.63244E+05    2.61818E-02
      191.24670    1.63148E+05    2.61875E-02
      191.78695    1.63162E+05    2.62107E-02
      192.32719    1.63214E+05    2.62402E-02
      192.86744    1.63132E+05    2.62481E-02
      193.40768    1.62871E+05    2.62273E-02
      193.94793    1.62458E+05    2.61819E-02
      194.48817    1.62094E+05    2.61442E-02
      195.02842    1.62008E+05    2.61515E-02
      195.56866    1.62163E+05    2.61976E-02
      196.10891    1.62317E+05    2.62436E-02
      196.64915    1.62252E+05    2.62543E-02
      197.18940    1.61931E+05    2.62237E-02
      197.72964    1.61492E+05    2.61737E-02
      198.26989    1.61243E+05    2.61546E-02
      198.81013    1.61335E+05    2.61908E-02
      199.35038    1.61560E+05    2.62485E-02
      199.89062    1.61629E+05    2.62811E-02
      200.43087    1.61329E+05    2.62537E-02
      200.97111    1.60835E+05    2.61947E-02
      201.51136    1.60534E+05    2.61669E-02
      202.05160    1.60554E+05    2.61914E-02
      202.59185    1.60769E+05    2.62480E-02
      203.13209    1.60915E+05    2.62933E-02
      203.67234    1.60743E+05    2.62866E-02
      204.21258    1.60281E+05    2.62325E-02
      204.75283    1.59788E+05    2.61733E-02
      205.29307    1.59588E+05    2.61619E-02
      205.83332    1.59614E+05    2.61877E-02
      206.37356    1.59653E+05    2.62156E-02
      206.91381    1.59604E+05    2.62292E-02
      207.45405    1.59563E+05    2.62440E-02
      207.99430    1.59488E+05    2.62531E-02
      208.53454    1.59204E+05    2.62280E-02
      209.07479    1.58784E+05    2.61804E-02
      209.61503    1.58568E+05    2.61664E-02
      210.15528    1.58740E+05    2.62164E-02
      210.69552    1.58965E+05    2.62752E-02
      211.23577    1.58862E+05    2.62799E-02
      211.77601    1.58510E+05    2.62434E-02
      212.31626    1.58179E+05    2.62102E-02
      212.85650    1.58047E+05    2.62100E-02
      213.39675    1.58072E+05    2.62361E-02
      213.93699    1.58062E+05    2.62562E-02
      214.47724    1.57924E+05    2.62551E-02
      215.01748    1.57653E+05    2.62318E-02
      215.55773    1.57268E+05    2.61895E-02
      216.09797    1.56955E+05    2.61591E-02
      216.63822    1.56878E+05    2.61681E-02
      217.17846    1.57040E+05    2.62170E-02
      217.71871    1.57314E+05    2.62846E-02
      218.25895    1.57415E+05    2.63236E-02
      218.79920    1.57141E+05    2.62998E-02
      219.33944    1.56661E+05    2.62414E-02
      219.87969    1.56250E+05    2.61945E-02
      220.41993    1.56119E+05    2.61945E-02
      220.96018    1.56156E+05    2.62227E-02
      221.50042    1.56143E+05    2.62426E-02
      222.04067    1.55975E+05    2.62364E-02
      222.58091    1.55660E+05    2.62054E-02
      223.12116    1.55371E+05    2.61787E-02
      223.66140    1.55250E+05    2.61804E-02
      224.20165    1.55248E+05    2.62021E-02
      224.74189    1.55247E+05    2.62242E-02
      225.28214    1.55125E+05    2.62257E-02
      225.82238    1.54858E+05    2.62027E-02
      226.36263    1.54612E+05    2.61832E-02
      226.90287    1.54522E+05    2.61903E-02
      227.44312    1.54524E+05    2.62128E-02
      227.98336    1.54530E+05    2.62360E-02
      228.52360    1.54420E+05    2.62396E-02
      229.06385    1.54134E+05    2.62133E-02
      229.60409    1.53859E+05    2.61887E-02
      230.14434    1.53835E+05    2.62070E-02
      230.68458    1.53966E+05    2.62517E-02
      231.22483    1.53916E+05    2.62654E-02
      231.76507    1.53597E+05    2.62335E-02
      232.30532    1.53230E+05    2.61932E-02
      232.84556    1.53075E+05    2.61890E-02
      233.38581    1.53135E+05    2.62217E-02
      233.92605    1.53199E+05    2.62552E-02
      234.46630    1.52950E+05    2.62349E-02
      235.00654    1.52420E+05    2.61665E-02
      235.54679    1.52083E+05    2.61312E-02
      236.08703    1.52158E+05    2.61665E-02
      236.62728    1.52398E+05    2.62302E-02
      237.16752    1.52475E+05    2.62661E-02
      237.70777    1.52268E+05    2.62530E-02
      238.24801    1.51841E+05    2.62021E-02
      238.78826    1.51461E+05    2.61591E-02
      239.32850    1.51423E+05    2.61751E-02
      239.86875    1.51675E+05    2.62413E-02
      240.40899    1.51869E+05    2.62977E-02
      240.94924    1.51730E+05    2.62964E-02
      241.48948    1.51275E+05    2.62402E-02
      242.02973    1.50822E+05    2.61844E-02
      242.56997    1.50693E+05    2.61848E-02
      243.11022    1.50807E+05    2.62274E-02
      243.65046    1.50780E+05    2.62455E-02
      244.19071    1.50395E+05    2.62012E-02
      244.73095    1.49942E+05    2.61451E-02
      245.27120    1.49825E+05    2.61475E-02
      245.81144    1.50089E+05    2.62165E-02
      246.35169    1.50391E+05    2.62921E-02
      246.89193    1.50334E+05    2.63052E-02
      247.43218    1.49887E+05    2.62500E-02
      247.97242    1.49341E+05    2.61772E-02
      248.51267    1.49047E+05    2.61486E-02
      249.05291    1.49157E+05    2.61908E-02
      249.59316    1.49428E+05    2.62616E-02
      250.13340    1.49508E+05    2.62987E-02
      250.67365    1.49220E+05    2.62711E-02
      251.21389    1.48846E+05    2.62284E-02
      251.75414    1.48647E+05    2.62164E-02
      252.29438    1.48591E+05    2.62297E-02
      252.83463    1.48555E+05    2.62465E-02
      253.37487    1.48435E+05    2.62484E-02
      253.91512    1.48218E+05    2.62333E-02
      254.45536    1.48067E+05    2.62298E-02
      254.99561    1.47909E+05    2.62250E-02
      255.53585    1.47693E+05    2.62099E-02
      256.07610    1.47513E+05    2.62012E-02
      256.61634    1.47442E+05    2.62119E-02
      257.15659    1.47429E+05    2.62329E-02
      257.69683    1.47318E+05    2.62364E-02
      258.23708    1.47180E+05    2.62353E-02
      258.77732    1.47020E+05    2.62302E-02
      259.31757    1.46824E+05    2.62185E-02
      259.85781    1.46733E+05    2.62257E-02
      260.39806    1.46702E+05    2.62436E-02
      260.93830    1.46620E+05    2.62525E-02
      261.47855    1.46340E+05    2.62259E-02
      262.01879    1.45958E+05    2.61808E-02
      262.55904    1.45721E+05    2.61617E-02
      263.09928    1.45807E+05    2.62007E-02
      263.63953    1.46012E+05    2.62611E-02
      264.17977    1.45934E+05    2.62708E-02
      264.72002    1.45624E+05    2.62386E-02
      265.26026    1.45343E+05    2.62115E-02
      265.80051    1.45207E+05    2.62107E-02
      266.34075    1.45234E+05    2.62392E-02
      266.88099    1.45354E+05    2.62847E-02
      267.42124    1.45341E+05    2.63060E-02
      267.96148    1.44997E+05    2.62676E-02
      268.50173    1.44422E+05    2.61872E-02
      269.04197    1.43986E+05    2.61317E-02
      269.58222    1.43927E+05    2.61447E-02
      270.12246    1.44117E+05    2.62032E-02
      270.66271    1.44324E+05    2.62647E-02
      271.20295    1.44369E+05    2.62968E-02
      271.74320    1.44177E+05    2.62857E-02
      272.28344    1.43813E+05    2.62433E-02
      272.82369    1.43454E+05    2.62017E-02
      273.36393    1.43224E+05    2.61835E-02
      273.90418    1.43135E+05    2.61912E-02
      274.44442    1.43164E+05    2.62205E-02
      274.98467    1.43140E+05    2.62402E-02
      275.52491    1.43004E+05    2.62393E-02
      276.06516    1.42821E+05    2.62297E-02
      276.60540    1.42648E+05    2.62220E-02
      277.14565    1.42511E+05    2.62209E-02
      277.68589    1.42368E+05    2.62188E-02
      278.22614    1.42145E+05    2.62018E-02
      278.76638    1.41989E+05    2.61972E-02
      279.30663    1.42029E+05    2.62289E-02
      279.84687    1.42162E+05    2.62776E-02
      280.38712    1.42161E+05    2.63018E-02
      280.92736    1.41897E+05    2.62773E-02
      281.46761    1.41499E+05    2.62278E-02
      282.00785    1.41215E+05    2.61994E-02
      282.54810    1.41117E+05    2.62055E-02
      283.08834    1.41191E+05    2.62436E-02
      283.62859    1.41266E+05    2.62820E-02
      284.16883    1.41051E+05    2.62664E-02
      284.70908    1.40580E+05    2.62032E-02
      285.24932    1.40245E+05    2.61651E-02
      285.78957    1.40239E+05    2.61885E-02
      286.32981    1.40370E+05    2.62374E-02
      286.87006    1.40490E+05    2.62844E-02
      287.41030    1.40442E+05    2.63000E-02
      287.95055    1.40071E+05    2.62552E-02
      288.49079    1.39553E+05    2.61825E-02
      289.03104    1.39199E+05    2.61406E-02
      289.57128    1.39175E+05    2.61607E-02
      290.11153    1.39465E+05    2.62399E-02
      290.65177    1.39752E+05    2.63187E-02
      291.19202    1.39649E+05    2.63239E-02
      291.73226    1.39185E+05    2.62614E-02
      292.27251    1.38685E+05    2.61917E-02
      292.81275    1.38384E+05    2.61595E-02
      293.35300    1.38371E+05    2.61819E-02
      293.89324    1.38496E+05    2.62303E-02
      294.43349    1.38517E+05    2.62591E-02
      294.97373    1.38402E+05    2.62622E-02
      295.51398    1.38179E+05    2.62449E-02
      296.05422    1.38040E+05    2.62433E-02
      296.59447    1.38019E+05    2.62644E-02
      297.13471    1.37903E+05    2.62672E-02
      297.67496    1.37578E+05    2.62303E-02
      298.21520    1.37246E+05    2.61919E-02
      298.75545    1.37086E+05    2.61865E-02
      299.29569    1.37093E+05    2.62129E-02
      299.83594    1.37231E+05    2.62643E-02
      300.37618    1.37376E+05    2.63172E-02
      300.91643    1.37322E+05    2.63321E-02
      301.45667    1.37079E+05    2.63108E-02
      301.99692    1.36747E+05    2.62722E-02
      302.53716    1.36341E+05    2.62195E-02
      303.07741    1.35957E+05    2.61707E-02
      303.61765    1.35835E+05    2.61724E-02
      304.15790    1.35987E+05    2.62271E-02
      304.69814    1.36157E+05    2.62851E-02
      305.23838    1.36123E+05    2.63039E-02
      305.77863    1.35902E+05    2.62866E-02
      306.31887    1.35639E+05    2.62612E-02
      306.85912    1.35388E+05    2.62380E-02
      307.39936    1.35202E+05    2.62274E-02
      307.93961    1.35133E+05    2.62394E-02
      308.47985    1.35107E+05    2.62598E-02
      309.02010    1.35026E+05    2.62696E-02
      309.56034    1.34881E+05    2.62670E-02
      310.10059    1.34664E+05    2.62502E-02
      310.64083    1.34450E+05    2.62341E-02
      311.18108    1.34351E+05    2.62404E-02
      311.72132    1.34410E+05    2.62776E-02
      312.26157    1.34435E+05    2.63083E-02
      312.80181    1.34240E+05    2.62958E-02
      313.34206    1.33935E+05    2.62617E-02
      313.88230    1.33723E+05    2.62459E-02
      314.42255    1.33771E+05    2.62812E-02
      314.96279    1.33821E+05    2.63168E-02
      315.50304    1.33586E+05    2.62965E-02
      316.04328    1.33248E+05    2.62557E-02
      316.58353    1.33104E+05    2.62532E-02
      317.12377    1.33113E+05    2.62810E-02
      317.66402    1.33047E+05    2.62938E-02
      318.20426    1.32776E+05    2.62662E-02
      318.74451    1.32398E+05    2.62174E-02
      319.28475    1.32160E+05    2.61962E-02
      319.82500    1.32239E+05    2.62379E-02
      320.36524    1.32476E+05    2.63110E-02
      320.90549    1.32462E+05    2.63344E-02
      321.44573    1.32144E+05    2.62974E-02
      321.98598    1.31760E+05    2.62470E-02
      322.52622    1.31483E+05    2.62180E-02
      323.06647    1.31335E+05    2.62145E-02
      323.60671    1.31304E+05    2.62346E-02
      324.14696    1.31393E+05    2.62785E-02
      324.68720    1.31516E+05    2.63295E-02
      325.22745    1.31416E+05    2.63359E-02
      325.76769    1.31037E+05    2.62862E-02
      326.30794    1.30763E+05    2.62577E-02
      326.84818    1.30791E+05    2.62897E-02
      327.38843    1.30831E+05    2.63241E-02
      327.92867    1.30593E+05    2.63028E-02
      328.46892    1.30146E+05    2.62390E-02
      329.00916    1.29860E+05    2.62078E-02
      329.54941    1.29854E+05    2.62331E-02
      330.08965    1.29972E+05    2.62835E-02
      330.62990    1.29929E+05    2.63013E-02
      331.17014    1.29642E+05    2.62699E-02
      331.71039    1.29390E+05    2.62455E-02
      332.25063    1.29390E+05    2.62721E-02
      332.79088    1.29431E+05    2.63070E-02
      333.33112    1.29235E+05    2.62939E-02
      333.87137    1.28804E+05    2.62331E-02
      334.41161    1.28421E+05    2.61817E-02
      334.95186    1.28438E+05    2.62119E-02
      335.49210    1.28816E+05    2.63158E-02
      336.03235    1.29094E+05    2.63997E-02
      336.57259    1.28868E+05    2.63803E-02
      337.11284    1.28183E+05    2.62671E-02
      337.65308    1.27502E+05    2.61542E-02
      338.19333    1.27289E+05    2.61375E-02
      338.73357    1.27567E+05    2.62213E-02
      339.27382    1.27932E+05    2.63234E-02
      339.81406    1.27985E+05    2.63614E-02
      340.35431    1.27638E+05    2.63171E-02
      340.89455    1.27227E+05    2.62594E-02
      341.43480    1.27012E+05    2.62421E-02
      341.97504    1.26956E+05    2.62577E-02
      342.51528    1.26894E+05    2.62720E-02
      343.05553    1.26799E+05    2.62796E-02
      343.59577    1.26737E+05    2.62939E-02
      344.13602    1.26618E+05    2.62966E-02
      344.67626    1.26443E+05    2.62876E-02
      345.21651    1.26258E+05    2.62764E-02
      345.75675    1.26039E+05    2.62581E-02
      346.29700    1.25866E+05    2.62494E-02
      346.83724    1.25852E+05    2.62739E-02
      347.37749    1.25884E+05    2.63081E-02
      347.91773    1.25810E+05    2.63201E-02
      348.45798    1.25575E+05    2.62985E-02
      348.99822    1.25233E+05    2.62543E-02
      349.53847    1.24926E+05    2.62175E-02
      350.07871    1.24856E+05    2.62303E-02
      350.61896    1.25022E+05    2.62926E-02
      351.15920    1.25258E+05    2.63701E-02
      351.69945    1.25238E+05    2.63937E-02
      352.23969    1.24829E+05    2.63352E-02
      352.77994    1.24256E+05    2.62421E-02
      353.32018    1.23856E+05    2.61853E-02
      353.86043    1.23753E+05    2.61911E-02
      354.40067    1.23950E+05    2.62605E-02
      354.94092    1.24184E+05    2.63381E-02
      355.48116    1.24201E+05    2.63696E-02
      356.02141    1.23945E+05    2.63432E-02
      356.56165    1.23541E+05    2.62853E-02
      357.10190    1.23259E+05    2.62533E-02
      357.64214    1.23178E+05    2.62639E-02
      358.18239    1.23255E+05    2.63085E-02
      358.72263    1.23187E+05    2.63220E-02
      359.26288    1.22797E+05    2.62667E-02
      359.80312    1.22395E+05    2.62087E-02
      360.34337    1.22268E+05    2.62096E-02
      360.88361    1.22390E+05    2.62639E-02
      361.42386    1.22471E+05    2.63096E-02
      361.96410    1.22366E+05    2.63153E-02
      362.50435    1.22184E+05    2.63044E-02
      363.04459    1.22082E+05    2.63107E-02
      363.58484    1.22033E+05    2.63286E-02
      364.12508    1.21913E+05    2.63311E-02
      364.66533    1.21665E+05    2.63060E-02
      365.20557    1.21371E+05    2.62708E-02
      365.74582    1.21145E+05    2.62503E-02
      366.28606    1.20987E+05    2.62446E-02
      366.82631    1.20888E+05    2.62515E-02
      367.36655    1.20907E+05    2.62841E-02
      367.90680    1.20975E+05    2.63275E-02
      368.44704    1.20977E+05    2.63567E-02
      368.98729    1.20823E+05    2.63519E-02
      369.52753    1.20464E+05    2.63022E-02
      370.06778    1.20067E+05    2.62441E-02
      370.60802    1.19838E+05    2.62227E-02
      371.14827    1.19755E+05    2.62333E-02
      371.68851    1.19752E+05    2.62614E-02
      372.22876    1.19691E+05    2.62769E-02
      372.76900    1.19557E+05    2.62763E-02
      373.30925    1.19479E+05    2.62879E-02
      373.84949    1.19511E+05    2.63240E-02
      374.38974    1.19510E+05    2.63529E-02
      374.92998    1.19224E+05    2.63189E-02
      375.47023    1.18800E+05    2.62542E-02
      376.01047    1.18495E+05    2.62158E-02
      376.55072    1.18496E+05    2.62449E-02
      377.09096    1.18728E+05    2.63255E-02
      377.63121    1.18823E+05    2.63758E-02
      378.17145    1.18613E+05    2.63585E-02
      378.71170    1.18164E+05    2.62879E-02
      379.25194    1.17732E+05    2.62209E-02
      379.79219    1.17575E+05    2.62151E-02
      380.33243    1.17730E+05    2.62791E-02
      380.87267    1.17993E+05    2.63671E-02
      381.41292    1.18042E+05    2.64077E-02
      381.95316    1.17704E+05    2.63614E-02
      382.49341    1.17199E+05    2.62778E-02
      383.03365    1.16862E+05    2.62317E-02
      383.57390    1.16873E+05    2.62636E-02
      384.11414    1.17110E+05    2.63464E-02
      384.65439    1.17212E+05    2.63992E-02
      385.19463    1.16945E+05    2.63687E-02
      385.73488    1.16518E+05    2.63019E-02
      386.27512    1.16292E+05    2.62806E-02
      386.81537    1.16319E+05    2.63166E-02
      387.35561    1.16404E+05    2.63655E-02
      387.89586    1.16358E+05    2.63851E-02
      388.43610    1.15992E+05    2.63319E-02
      388.97635    1.15514E+05    2.62532E-02
      389.51659    1.15246E+05    2.62222E-02
      390.05684    1.15244E+05    2.62514E-02
      390.59708    1.15338E+05    2.63028E-02
      391.13733    1.15382E+05    2.63430E-02
      391.67757    1.15302E+05    2.63547E-02
      392.21782    1.15133E+05    2.63462E-02
      392.75806    1.14902E+05    2.63235E-02
      393.29831    1.14716E+05    2.63109E-02
      393.83855    1.14642E+05    2.63243E-02
      394.37880    1.14652E+05    2.63567E-02
      394.91904    1.14642E+05    2.63849E-02
      395.45929    1.14446E+05    2.63701E-02
      395.99953    1.14136E+05    2.63290E-02
      396.53978    1.13852E+05    2.62938E-02
      397.08002    1.13655E+05    2.62787E-02
      397.62027    1.13573E+05    2.62900E-02
      398.16051    1.13486E+05    2.63004E-02
      398.70076    1.13404E+05    2.63118E-02
      399.24100    1.13333E+05    2.63259E-02
      399.78125    1.13233E+05    2.63332E-02
      400.32149    1.13121E+05    2.63377E-02
      400.86174    1.12947E+05    2.63280E-02
      401.40198    1.12729E+05    2.63077E-02
      401.94223    1.12529E+05    2.62919E-02
      402.48247    1.12355E+05    2.62818E-02
      403.02272    1.12216E+05    2.62802E-02
      403.56296    1.12124E+05    2.62893E-02
      404.10321    1.11981E+05    2.62865E-02
      404.64345    1.11830E+05    2.62820E-02
      405.18370    1.11821E+05    2.63107E-02
      405.72394    1.11849E+05    2.63484E-02
      406.26419    1.11755E+05    2.63573E-02
      406.80443    1.11535E+05    2.63364E-02
      407.34468    1.11213E+05    2.62916E-02
      407.88492    1.10930E+05    2.62556E-02
      408.42517    1.10848E+05    2.62672E-02
      408.96541    1.10934E+05    2.63188E-02
      409.50566    1.10966E+05    2.63577E-02
      410.04590    1.10711E+05    2.63285E-02
      410.58615    1.10351E+05    2.62741E-02
      411.12639    1.10160E+05    2.62598E-02
      411.66664    1.10207E+05    2.63024E-02
      412.20688    1.10337E+05    2.63650E-02
      412.74713    1.10241E+05    2.63735E-02
      413.28737    1.09876E+05    2.63176E-02
      413.82762    1.09476E+05    2.62532E-02
      414.36786    1.09285E+05    2.62390E-02
      414.90811    1.09322E+05    2.62793E-02
      415.44835    1.09435E+05    2.63382E-02
      415.98860    1.09446E+05    2.63725E-02
      416.52884    1.09344E+05    2.63797E-02
      417.06909    1.09074E+05    2.63464E-02
      417.60933    1.08711E+05    2.62904E-02
      418.14958    1.08453E+05    2.62599E-02
      418.68982    1.08437E+05    2.62878E-02
      419.23006    1.08538E+05    2.63443E-02
      419.77031    1.08538E+05    2.63763E-02
      420.31055    1.08409E+05    2.63769E-02
      420.85080    1.08102E+05    2.63343E-02
      421.39104    1.07742E+05    2.62784E-02
      421.93129    1.07559E+05    2.62658E-02
      422.47153    1.07613E+05    2.63113E-02
      423.01178    1.07663E+05    2.63557E-02
      423.55202    1.07542E+05    2.63584E-02
      424.09227    1.07279E+05    2.63261E-02
      424.63251    1.06958E+05    2.62796E-02
      425.17276    1.06721E+05    2.62536E-02
      425.71300    1.06777E+05    2.62997E-02
      426.25325    1.07091E+05    2.64095E-02
      426.79349    1.07288E+05    2.64910E-02
      427.33374    1.07053E+05    2.64655E-02
      427.87398    1.06476E+05    2.63553E-02
      428.41423    1.06006E+05    2.62717E-02
      428.95447    1.05908E+05    2.62800E-02
      429.49472    1.06040E+05    2.63454E-02
      430.03496    1.06132E+05    2.64011E-02
      430.57521    1.06069E+05    2.64182E-02
      431.11545    1.05818E+05    2.63886E-02
      431.65570    1.05417E+05    2.63213E-02
      432.19594    1.05069E+05    2.62673E-02
      432.73619    1.04899E+05    2.62576E-02
      433.27643    1.04891E+05    2.62885E-02
      433.81668    1.05000E+05    2.63489E-02
      434.35692    1.05066E+05    2.63986E-02
      434.89717    1.04894E+05    2.63884E-02
      435.43741    1.04581E+05    2.63429E-02
      435.97766    1.04297E+05    2.63044E-02
      436.51790    1.04146E+05    2.62996E-02
      437.05815    1.04182E+05    2.63419E-02
      437.59839    1.04160E+05    2.63695E-02
      438.13864    1.03978E+05    2.63568E-02
      438.67888    1.03819E+05    2.63501E-02
      439.21913    1.03769E+05    2.63708E-02
      439.75937    1.03723E+05    2.63927E-02
      440.29962    1.03582E+05    2.63903E-02
      440.83986    1.03358E+05    2.63669E-02
      441.38011    1.03101E+05    2.63348E-02
      441.92035    1.02800E+05    2.62915E-02
      442.46060    1.02518E+05    2.62531E-02
      443.00084    1.02523E+05    2.62880E-02
      443.54109    1.02771E+05    2.63855E-02
      444.08133    1.02995E+05    2.64768E-02
      444.62158    1.02936E+05    2.64957E-02
      445.16182    1.02517E+05    2.64219E-02
      445.70207    1.01922E+05    2.63024E-02
      446.24231    1.01519E+05    2.62324E-02
      446.78256    1.01575E+05    2.62808E-02
      447.32280    1.01959E+05    2.64143E-02
      447.86305    1.02186E+05    2.65075E-02
      448.40329    1.01908E+05    2.64697E-02
      448.94354    1.01343E+05    2.63570E-02
      449.48378    1.00852E+05    2.62635E-02
      450.02403    1.00625E+05    2.62386E-02
      450.56427    1.00745E+05    2.63042E-02
      451.10452    1.00895E+05    2.63777E-02
      451.64476    1.00821E+05    2.63930E-02
      452.18501    1.00597E+05    2.63688E-02
      452.72525    1.00379E+05    2.63463E-02
      453.26550    1.00269E+05    2.63519E-02
      453.80574    1.00225E+05    2.63751E-02
      454.34599    1.00067E+05    2.63682E-02
      454.88623    9.97977E+04    2.63319E-02
      455.42648    9.96274E+04    2.63216E-02
      455.96672    9.96805E+04    2.63705E-02
      456.50697    9.97434E+04    2.64221E-02
      457.04721    9.96275E+04    2.64264E-02
      457.58745    9.93629E+04    2.63912E-02
      458.12770    9.91156E+04    2.63605E-02
      458.66794    9.89819E+04    2.63600E-02
      459.20819    9.88530E+04    2.63608E-02
      459.74843    9.87166E+04    2.63596E-02
      460.28868    9.86650E+04    2.63810E-02
      460.82892    9.85950E+04    2.63976E-02
      461.36917    9.83998E+04    2.63806E-02
      461.90941    9.81129E+04    2.63390E-02
      462.44966    9.78538E+04    2.63048E-02
      462.98990    9.77723E+04    2.63183E-02
      463.53015    9.78964E+04    2.63872E-02
      464.07039    9.79640E+04    2.64410E-02
      464.61064    9.77324E+04    2.64142E-02
      465.15088    9.73105E+04    2.63357E-02
      465.69113    9.69950E+04    2.62859E-02
      466.23137    9.69404E+04    2.63068E-02
      466.77162    9.70401E+04    2.63696E-02
      467.31186    9.71278E+04    2.64293E-02
      467.85211    9.70417E+04    2.64419E-02
      468.39235    9.67883E+04    2.64088E-02
      468.93260    9.65205E+04    2.63717E-02
      469.47284    9.62780E+04    2.63415E-02
      470.01309    9.60562E+04    2.63168E-02
      470.55333    9.59182E+04    2.63150E-02
      471.09358    9.59754E+04    2.63669E-02
      471.63382    9.61441E+04    2.64496E-02
      472.17407    9.61643E+04    2.64915E-02
      472.71431    9.59040E+04    2.64563E-02
      473.25456    9.55369E+04    2.63914E-02
      473.79480    9.52313E+04    2.63434E-02
      474.33505    9.50917E+04    2.63412E-02
      474.87529    9.51053E+04    2.63815E-02
      475.41554    9.51271E+04    2.64242E-02
      475.95578    9.50659E+04    2.64439E-02
      476.49603    9.48785E+04    2.64285E-02
      477.03627    9.45846E+04    2.63834E-02
      477.57652    9.42896E+04    2.63379E-02
      478.11676    9.41032E+04    2.63226E-02
      478.65701    9.40899E+04    2.63557E-02
      479.19725    9.42048E+04    2.64249E-02
      479.73750    9.42592E+04    2.64773E-02
      480.27774    9.40835E+04    2.64651E-02
      480.81799    9.37419E+04    2.64062E-02
      481.35823    9.34143E+04    2.63510E-02
      481.89848    9.32347E+04    2.63375E-02
      482.43872    9.31093E+04    2.63393E-02
      482.97897    9.30144E+04    2.63497E-02
      483.51921    9.29904E+04    2.63803E-02
      484.05946    9.30005E+04    2.64206E-02
      484.59970    9.29699E+04    2.64495E-02
      485.13995    9.28706E+04    2.64589E-02
      485.68019    9.27024E+04    2.64486E-02
      486.22044    9.24655E+04    2.64187E-02
      486.76068    9.22494E+04    2.63947E-02
      487.30093    9.21166E+04    2.63944E-02
      487.84117    9.20231E+04    2.64055E-02
      488.38142    9.18720E+04    2.64000E-02
      488.92166    9.16607E+04    2.63772E-02
      489.46191    9.14681E+04    2.63597E-02
      490.00215    9.13584E+04    2.63661E-02
      490.54240    9.13929E+04    2.64141E-02
      491.08264    9.14229E+04    2.64610E-02
      491.62289    9.12803E+04    2.64581E-02
      492.16313    9.09770E+04    2.64084E-02
      492.70338    9.06704E+04    2.63577E-02
      493.24362    9.04739E+04    2.63388E-02
      493.78387    9.04201E+04    2.63615E-02
      494.32411    9.04989E+04    2.64230E-02
      494.86435    9.05599E+04    2.64795E-02
      495.40460    9.04389E+04    2.64828E-02
      495.94484    9.01954E+04    2.64503E-02
      496.48509    9.00191E+04    2.64373E-02
      497.02533    8.98205E+04    2.64178E-02
      497.56558    8.96022E+04    2.63924E-02
      498.10582    8.94240E+04    2.63788E-02
      498.64607    8.92773E+04    2.63744E-02
      499.18631    8.92371E+04    2.64015E-02
      499.72656    8.92151E+04    2.64341E-02
      500.26680    8.90252E+04    2.64170E-02
      500.80705    8.86778E+04    2.63530E-02
      501.34729    8.84446E+04    2.63228E-02
      501.88754    8.84808E+04    2.63728E-02
      502.42778    8.86682E+04    2.64681E-02
      502.96803    8.86707E+04    2.65084E-02
      503.50827    8.83698E+04    2.64580E-02
      504.04852    8.79904E+04    2.63839E-02
      504.58876    8.78343E+04    2.63767E-02
      505.12901    8.78185E+04    2.64116E-02
      505.66925    8.77138E+04    2.64198E-02
      506.20950    8.74967E+04    2.63942E-02
      506.74974    8.73384E+04    2.63862E-02
      507.28999    8.73310E+04    2.64239E-02
      507.83023    8.73325E+04    2.64644E-02
      508.37048    8.72553E+04    2.64811E-02
      508.91072    8.70715E+04    2.64655E-02
      509.45097    8.67467E+04    2.64069E-02
      509.99121    8.64318E+04    2.63511E-02
      510.53146    8.63155E+04    2.63559E-02
      511.07170    8.63515E+04    2.64072E-02
      511.61195    8.64253E+04    2.64702E-02
      512.15219    8.64631E+04    2.65224E-02
      512.69244    8.62868E+04    2.65090E-02
      513.23268    8.58440E+04    2.64136E-02
      513.77293    8.54397E+04    2.63296E-02
      514.31317    8.52939E+04    2.63253E-02
      514.85342    8.53847E+04    2.63940E-02
      515.39366    8.55038E+04    2.64718E-02
      515.93391    8.55045E+04    2.65130E-02
      516.47415    8.53344E+04    2.65014E-02
      517.01440    8.49713E+04    2.64297E-02
      517.55464    8.45624E+04    2.63434E-02
      518.09489    8.43337E+04    2.63132E-02
      518.63513    8.43906E+04    2.63721E-02
      519.17538    8.46356E+04    2.64900E-02
      519.71562    8.47886E+04    2.65795E-02
      520.25587    8.45808E+04    2.65560E-02
      520.79611    8.40718E+04    2.64377E-02
      521.33636    8.36876E+04    2.63583E-02
      521.87660    8.36912E+04    2.64010E-02
      522.41685    8.37863E+04    2.64728E-02
      522.95709    8.36623E+04    2.64754E-02
      523.49734    8.33566E+04    2.64205E-02
      524.03758    8.30602E+04    2.63683E-02
      524.57783    8.29836E+04    2.63859E-02
      525.11807    8.31189E+04    2.64710E-02
      525.65832    8.32577E+04    2.65575E-02
      526.19856    8.31447E+04    2.65638E-02
      526.73881    8.27913E+04    2.64932E-02
      527.27905    8.24458E+04    2.64249E-02
      527.81930    8.22973E+04    2.64197E-02
      528.35954    8.22413E+04    2.64441E-02
      528.89979    8.21518E+04    2.64579E-02
      529.44003    8.20037E+04    2.64528E-02
      529.98028    8.18427E+04    2.64435E-02
      530.52052    8.17207E+04    2.64468E-02
      531.06077    8.16687E+04    2.64728E-02
      531.60101    8.15950E+04    2.64919E-02
      532.14126    8.14198E+04    2.64780E-02
      532.68150    8.12312E+04    2.64597E-02
      533.22174    8.10561E+04    2.64457E-02
      533.76199    8.08611E+04    2.64252E-02
      534.30223    8.06565E+04    2.64015E-02
      534.84248    8.05207E+04    2.64002E-02
      535.38272    8.05430E+04    2.64509E-02
      535.92297    8.06205E+04    2.65199E-02
      536.46321    8.06378E+04    2.65693E-02
      537.00346    8.05457E+04    2.65827E-02
      537.54370    8.02933E+04    2.65433E-02
      538.08395    7.99223E+04    2.64643E-02
      538.62419    7.96059E+04    2.64033E-02
      539.16444    7.94250E+04    2.63871E-02
      539.70468    7.94323E+04    2.64334E-02
      540.24493    7.95944E+04    2.65315E-02
      540.78517    7.96547E+04    2.65959E-02
      541.32542    7.94377E+04    2.65678E-02
      541.86566    7.90163E+04    2.64711E-02
      542.40591    7.86332E+04    2.63870E-02
      542.94615    7.85158E+04    2.63919E-02
      543.48640    7.86177E+04    2.64706E-02
      544.02664    7.86788E+04    2.65359E-02
      544.56689    7.85068E+04    2.65226E-02
      545.10713    7.81134E+04    2.64343E-02
      545.64738    7.77608E+04    2.63596E-02
      546.18762    7.77244E+04    2.63920E-02
      546.72787    7.79076E+04    2.64992E-02
      547.26811    7.80231E+04    2.65837E-02
      547.80836    7.79186E+04    2.65934E-02
      548.34860    7.76405E+04    2.65437E-02
      548.88885    7.73598E+04    2.64931E-02
      549.42909    7.71574E+04    2.64691E-02
      549.96934    7.70449E+04    2.64759E-02
      550.50958    7.69985E+04    2.65055E-02
      551.04983    7.68756E+04    2.65088E-02
      551.59007    7.66829E+04    2.64881E-02
      552.13032    7.64859E+04    2.64657E-02
      552.67056    7.63366E+04    2.64598E-02
      553.21081    7.62701E+04    2.64827E-02
      553.75105    7.62540E+04    2.65231E-02
      554.29130    7.61897E+04    2.65469E-02
      554.83154    7.60167E+04    2.65329E-02
      555.37179    7.57757E+04    2.64950E-02
      555.91203    7.55403E+04    2.64589E-02
      556.45228    7.53279E+04    2.64308E-02
      556.99252    7.52445E+04    2.64480E-02
      557.53277    7.53025E+04    2.65150E-02
      558.07301    7.53101E+04    2.65644E-02
      558.61326    7.51068E+04    2.65395E-02
      559.15350    7.48048E+04    2.64796E-02
      559.69375    7.45952E+04    2.64522E-02
      560.23399    7.45541E+04    2.64846E-02
      560.77424    7.45835E+04    2.65422E-02
      561.31448    7.45074E+04    2.65623E-02
      561.85473    7.43097E+04    2.65392E-02
      562.39497    7.40559E+04    2.64958E-02
      562.93522    7.38641E+04    2.64746E-02
      563.47546    7.37646E+04    2.64864E-02
      564.01571    7.37322E+04    2.65224E-02
      564.55595    7.36751E+04    2.65496E-02
      565.09620    7.36059E+04    2.65725E-02
      565.63644    7.35125E+04    2.65868E-02
      566.17669    7.34170E+04    2.66004E-02
      566.71693    7.32861E+04    2.66011E-02
      567.25718    7.30389E+04    2.65596E-02
      567.79742    7.27547E+04    2.65044E-02
      568.33767    7.24939E+04    2.64576E-02
      568.87791    7.23507E+04    2.64536E-02
      569.41816    7.23996E+04    2.65200E-02
      569.95840    7.24355E+04    2.65818E-02
      570.49865    7.23006E+04    2.65811E-02
      571.03889    7.19930E+04    2.65167E-02
      571.57913    7.17291E+04    2.64683E-02
      572.11938    7.16311E+04    2.64810E-02
      572.65962    7.16785E+04    2.65476E-02
      573.19987    7.17483E+04    2.66228E-02
      573.74011    7.17525E+04    2.66738E-02
      574.28036    7.15822E+04    2.66601E-02
      574.82060    7.12666E+04    2.65920E-02
      575.36085    7.09850E+04    2.65364E-02
      575.90109    7.08783E+04    2.65462E-02
      576.44134    7.08157E+04    2.65725E-02
      576.98158    7.07010E+04    2.65793E-02
      577.52183    7.04921E+04    2.65507E-02
      578.06207    7.02249E+04    2.65000E-02
      578.60232    6.99842E+04    2.64591E-02
      579.14256    6.98957E+04    2.64756E-02
      579.68281    6.99958E+04    2.65639E-02
      580.22305    7.01531E+04    2.66742E-02
      580.76330    7.01493E+04    2.67235E-02
      581.30354    6.98871E+04    2.66745E-02
      581.84379    6.94827E+04    2.65708E-02
      582.38403    6.91213E+04    2.64833E-02
      582.92428    6.89452E+04    2.64665E-02
      583.46452    6.89275E+04    2.65106E-02
      584.00477    6.89895E+04    2.65855E-02
      584.54501    6.90116E+04    2.66454E-02
      585.08526    6.88342E+04    2.66283E-02
      585.62550    6.85349E+04    2.65639E-02
      586.16575    6.83346E+04    2.65377E-02
      586.70599    6.82494E+04    2.65562E-02
      587.24624    6.80937E+04    2.65473E-02
      587.78648    6.78673E+04    2.65107E-02
      588.32673    6.77601E+04    2.65206E-02
      588.86697    6.77828E+04    2.65815E-02
      589.40722    6.77887E+04    2.66361E-02
      589.94746    6.76630E+04    2.66390E-02
      590.48771    6.74198E+04    2.65956E-02
      591.02795    6.71391E+04    2.65372E-02
      591.56820    6.69076E+04    2.64981E-02
      592.10844    6.68511E+04    2.65282E-02
      592.64869    6.69860E+04    2.66346E-02
      593.18893    6.70774E+04    2.67241E-02
      593.72918    6.68710E+04    2.66950E-02
      594.26942    6.64718E+04    2.65887E-02
      594.80967    6.60967E+04    2.64917E-02
      595.34991    6.59261E+04    2.64763E-02
      595.89016    6.60242E+04    2.65691E-02
      596.43040    6.61918E+04    2.66903E-02
      596.97065    6.62185E+04    2.67550E-02
      597.51089    6.60442E+04    2.67386E-02
      598.05114    6.57210E+04    2.66617E-02
      598.59138    6.53944E+04    2.65831E-02
      599.13163    6.52325E+04    2.65713E-02
      599.67187    6.52257E+04    2.66227E-02
      600.21212    6.51845E+04    2.66603E-02
      600.75236    6.49812E+04    2.66316E-02
      601.29261    6.47757E+04    2.66019E-02
      601.83285    6.46885E+04    2.66208E-02
      602.37310    6.46494E+04    2.66596E-02
      602.91334    6.45019E+04    2.66537E-02
      603.45359    6.42631E+04    2.66100E-02
      603.99383    6.40795E+04    2.65890E-02
      604.53408    6.39612E+04    2.65951E-02
      605.07432    6.38709E+04    2.66129E-02
      605.61457    6.36927E+04    2.65940E-02
      606.15481    6.35021E+04    2.65699E-02
      606.69506    6.33959E+04    2.65811E-02
      607.23530    6.33323E+04    2.66102E-02
      607.77555    6.33002E+04    2.66527E-02
      608.31579    6.32254E+04    2.66774E-02
      608.85604    6.30538E+04    2.66612E-02
      609.39628    6.27969E+04    2.66089E-02
      609.93652    6.25447E+04    2.65582E-02
      610.47677    6.24126E+04    2.65586E-02
      611.01701    6.24008E+04    2.66101E-02
      611.55726    6.23367E+04    2.66396E-02
      612.09750    6.22450E+04    2.66574E-02
      612.63775    6.21757E+04    2.66848E-02
      613.17799    6.20602E+04    2.66925E-02
      613.71824    6.18413E+04    2.66557E-02
      614.25848    6.15462E+04    2.65858E-02
      614.79873    6.13376E+04    2.65531E-02
      615.33897    6.13183E+04    2.66023E-02
      615.87922    6.13318E+04    2.66660E-02
      616.41946    6.11876E+04    2.66612E-02
      616.95971    6.09400E+04    2.66114E-02
      617.49995    6.07654E+04    2.65932E-02
      618.04020    6.07767E+04    2.66565E-02
      618.58044    6.08583E+04    2.67509E-02
      619.12069    6.07540E+04    2.67639E-02
      619.66093    6.04297E+04    2.66798E-02
      620.20118    6.00570E+04    2.65739E-02
      620.74142    5.98174E+04    2.65265E-02
      621.28167    5.98380E+04    2.65946E-02
      621.82191    5.99659E+04    2.67109E-02
      622.36216    5.99079E+04    2.67446E-02
      622.90240    5.96568E+04    2.66921E-02
      623.44265    5.93153E+04    2.65988E-02
      623.98289    5.90734E+04    2.65498E-02
      624.52314    5.90616E+04    2.66043E-02
      625.06338    5.91880E+04    2.67214E-02
      625.60363    5.91981E+04    2.67864E-02
      626.14387    5.89056E+04    2.67145E-02
      626.68412    5.84843E+04    2.65838E-02
      627.22436    5.83205E+04    2.65697E-02
      627.76461    5.84131E+04    2.66726E-02
      628.30485    5.84662E+04    2.67580E-02
      628.84510    5.82777E+04    2.67329E-02
      629.38534    5.79351E+04    2.66368E-02
      629.92559    5.76513E+04    2.65674E-02
      630.46583    5.75584E+04    2.65859E-02
      631.00608    5.75435E+04    2.66405E-02
      631.54632    5.75028E+04    2.66835E-02
      632.08657    5.74288E+04    2.67111E-02
      632.62681    5.73459E+04    2.67347E-02
      633.16706    5.72012E+04    2.67295E-02
      633.70730    5.70259E+04    2.67100E-02
      634.24755    5.68724E+04    2.67006E-02
      634.78779    5.67148E+04    2.66893E-02
      635.32804    5.65688E+04    2.66834E-02
      635.86828    5.64606E+04    2.66953E-02
      636.40853    5.63366E+04    2.66998E-02
      636.94877    5.61640E+04    2.66813E-02
      637.48902    5.60000E+04    2.66667E-02
      638.02926    5.59449E+04    2.67040E-02
      638.56951    5.59005E+04    2.67467E-02
      639.10975    5.57783E+04    2.67522E-02
      639.65000    5.55271E+04    2.66957E-02
      640.19024    5.51993E+04    2.66021E-02
      640.73049    5.49649E+04    2.65531E-02
      641.27073    5.49115E+04    2.65915E-02
      641.81098    5.50296E+04    2.67134E-02
      642.35122    5.51705E+04    2.68469E-02
      642.89147    5.51619E+04    2.69082E-02
      643.43171    5.48749E+04    2.68337E-02
      643.97196    5.44311E+04    2.66819E-02
      644.51220    5.40579E+04    2.65641E-02
      645.05245    5.39462E+04    2.65745E-02
      645.59269    5.40456E+04    2.66892E-02
      646.13294    5.41467E+04    2.68053E-02
      646.67318    5.40566E+04    2.68271E-02
      647.21342    5.37591E+04    2.67458E-02
      647.75367    5.34452E+04    2.66560E-02
      648.29391    5.32379E+04    2.66190E-02
